datetime,日期,时间,代码,周期,开盘,最高,最低,收盘,成交量,成交额
2026-03-10 09:35:00,2026-03-10,20260310093500000,000963,5,34.55,34.68,34.55,34.68,485900,16828221.0
2026-03-10 09:40:00,2026-03-10,20260310094000000,000963,5,34.68,34.84,34.66,34.83,522700,18165655.0
2026-03-10 09:45:00,2026-03-10,20260310094500000,000963,5,34.84,35.12,34.83,35.09,925700,32399150.0
2026-03-10 09:50:00,2026-03-10,20260310095000000,000963,5,35.09,35.16,34.93,34.93,656300,23024840.0
2026-03-10 09:55:00,2026-03-10,20260310095500000,000963,5,34.95,35.04,34.9,35.0,264700,9253568.12
2026-03-10 10:00:00,2026-03-10,20260310100000000,000963,5,34.99,35.0,34.92,34.92,237200,8294856.6
2026-03-10 10:05:00,2026-03-10,20260310100500000,000963,5,34.92,34.93,34.85,34.85,223900,7811905.06
2026-03-10 10:10:00,2026-03-10,20260310101000000,000963,5,34.87,34.88,34.83,34.84,150200,5234420.0
2026-03-10 10:15:00,2026-03-10,20260310101500000,000963,5,34.83,34.94,34.83,34.94,153600,5357292.0
2026-03-10 10:20:00,2026-03-10,20260310102000000,000963,5,34.94,34.95,34.89,34.94,189700,6624642.0
2026-03-10 10:25:00,2026-03-10,20260310102500000,000963,5,34.94,34.99,34.9,34.96,159700,5583725.0
2026-03-10 10:30:00,2026-03-10,20260310103000000,000963,5,34.95,34.97,34.87,34.9,117400,4097885.0
2026-03-10 10:35:00,2026-03-10,20260310103500000,000963,5,34.9,35.04,34.9,34.99,161400,5644488.0
2026-03-10 10:40:00,2026-03-10,20260310104000000,000963,5,35.0,35.08,34.97,35.02,194700,6818260.0
2026-03-10 10:45:00,2026-03-10,20260310104500000,000963,5,35.01,35.01,34.96,35.01,75800,2652885.0
2026-03-10 10:50:00,2026-03-10,20260310105000000,000963,5,35.0,35.0,34.98,35.0,81100,2837738.0
2026-03-10 10:55:00,2026-03-10,20260310105500000,000963,5,35.0,35.01,34.93,34.95,104100,3641833.0
2026-03-10 11:00:00,2026-03-10,20260310110000000,000963,5,34.95,34.95,34.9,34.94,61400,2144378.0
2026-03-10 11:05:00,2026-03-10,20260310110500000,000963,5,34.95,34.97,34.94,34.97,20100,702552.0
2026-03-10 11:10:00,2026-03-10,20260310111000000,000963,5,34.97,35.03,34.96,35.03,57600,2015719.0
2026-03-10 11:15:00,2026-03-10,20260310111500000,000963,5,35.03,35.3,35.02,35.3,1006200,35377842.0
2026-03-10 11:20:00,2026-03-10,20260310112000000,000963,5,35.33,35.53,35.26,35.47,1225600,43421579.0
2026-03-10 11:25:00,2026-03-10,20260310112500000,000963,5,35.5,35.6,35.47,35.55,739300,26281946.66
2026-03-10 11:30:00,2026-03-10,20260310113000000,000963,5,35.56,35.63,35.52,35.58,583300,20757461.56
2026-03-10 13:05:00,2026-03-10,20260310130500000,000963,5,35.58,35.59,35.41,35.42,469200,16668730.0
2026-03-10 13:10:00,2026-03-10,20260310131000000,000963,5,35.42,35.43,35.35,35.37,212000,7500242.0
2026-03-10 13:15:00,2026-03-10,20260310131500000,000963,5,35.37,35.42,35.35,35.38,383000,13555926.0
2026-03-10 13:20:00,2026-03-10,20260310132000000,000963,5,35.38,35.39,35.34,35.39,87600,3098009.0
2026-03-10 13:25:00,2026-03-10,20260310132500000,000963,5,35.39,35.41,35.36,35.37,48200,1705766.0
2026-03-10 13:30:00,2026-03-10,20260310133000000,000963,5,35.37,35.48,35.34,35.4,210241,7447748.94
2026-03-10 13:35:00,2026-03-10,20260310133500000,000963,5,35.41,35.43,35.39,35.4,33800,1196734.0
2026-03-10 13:40:00,2026-03-10,20260310134000000,000963,5,35.39,35.4,35.36,35.36,54200,1917864.0
2026-03-10 13:45:00,2026-03-10,20260310134500000,000963,5,35.36,35.39,35.36,35.38,44600,1577865.0
2026-03-10 13:50:00,2026-03-10,20260310135000000,000963,5,35.38,35.39,35.36,35.37,47800,1690614.0
2026-03-10 13:55:00,2026-03-10,20260310135500000,000963,5,35.37,35.39,35.36,35.37,71300,2522356.0
2026-03-10 14:00:00,2026-03-10,20260310140000000,000963,5,35.37,35.39,35.37,35.37,44100,1560157.0
2026-03-10 14:05:00,2026-03-10,20260310140500000,000963,5,35.37,35.44,35.37,35.43,86000,3045014.0
2026-03-10 14:10:00,2026-03-10,20260310141000000,000963,5,35.43,35.44,35.4,35.42,53800,1905668.0
2026-03-10 14:15:00,2026-03-10,20260310141500000,000963,5,35.41,35.42,35.37,35.37,60700,2148245.0
2026-03-10 14:20:00,2026-03-10,20260310142000000,000963,5,35.37,35.38,35.36,35.38,84900,3003221.0
2026-03-10 14:25:00,2026-03-10,20260310142500000,000963,5,35.37,35.41,35.37,35.41,113700,4024150.0
2026-03-10 14:30:00,2026-03-10,20260310143000000,000963,5,35.41,35.41,35.39,35.39,80700,2856976.0
2026-03-10 14:35:00,2026-03-10,20260310143500000,000963,5,35.39,35.45,35.39,35.42,88800,3145076.0
2026-03-10 14:40:00,2026-03-10,20260310144000000,000963,5,35.42,35.44,35.41,35.43,83700,2965005.0
2026-03-10 14:45:00,2026-03-10,20260310144500000,000963,5,35.43,35.45,35.41,35.41,230700,8174545.0
2026-03-10 14:50:00,2026-03-10,20260310145000000,000963,5,35.41,35.44,35.41,35.44,121100,4290278.0
2026-03-10 14:55:00,2026-03-10,20260310145500000,000963,5,35.43,35.45,35.42,35.42,208700,7394628.0
2026-03-10 15:00:00,2026-03-10,20260310150000000,000963,5,35.43,35.44,35.42,35.42,211200,7481780.0
2026-03-11 09:35:00,2026-03-11,20260311093500000,000963,5,35.52,35.52,35.23,35.25,633800,22394474.0
2026-03-11 09:40:00,2026-03-11,20260311094000000,000963,5,35.25,35.25,35.1,35.13,472900,16625042.0
2026-03-11 09:45:00,2026-03-11,20260311094500000,000963,5,35.13,35.18,35.13,35.15,178000,6257263.0
2026-03-11 09:50:00,2026-03-11,20260311095000000,000963,5,35.14,35.18,35.11,35.11,291700,10250989.0
2026-03-11 09:55:00,2026-03-11,20260311095500000,000963,5,35.11,35.11,35.09,35.1,193600,6795207.0
2026-03-11 10:00:00,2026-03-11,20260311100000000,000963,5,35.11,35.2,35.1,35.18,262800,9243024.0
2026-03-11 10:05:00,2026-03-11,20260311100500000,000963,5,35.16,35.23,35.14,35.23,105920,3724403.8
2026-03-11 10:10:00,2026-03-11,20260311101000000,000963,5,35.22,35.22,35.16,35.16,109700,3860231.0
2026-03-11 10:15:00,2026-03-11,20260311101500000,000963,5,35.15,35.22,35.15,35.21,63500,2234225.0
2026-03-11 10:20:00,2026-03-11,20260311102000000,000963,5,35.22,35.31,35.22,35.29,84200,2969909.0
2026-03-11 10:25:00,2026-03-11,20260311102500000,000963,5,35.3,35.3,35.25,35.27,95000,3350567.0
2026-03-11 10:30:00,2026-03-11,20260311103000000,000963,5,35.27,35.3,35.26,35.3,58100,2049376.0
2026-03-11 10:35:00,2026-03-11,20260311103500000,000963,5,35.28,35.31,35.27,35.3,93700,3307081.0
2026-03-11 10:40:00,2026-03-11,20260311104000000,000963,5,35.3,35.48,35.3,35.43,218800,7750067.0
2026-03-11 10:45:00,2026-03-11,20260311104500000,000963,5,35.43,35.53,35.42,35.51,314400,11159197.0
2026-03-11 10:50:00,2026-03-11,20260311105000000,000963,5,35.5,35.51,35.43,35.45,131500,4665405.0
2026-03-11 10:55:00,2026-03-11,20260311105500000,000963,5,35.44,35.5,35.44,35.47,135900,4821821.0
2026-03-11 11:00:00,2026-03-11,20260311110000000,000963,5,35.47,35.48,35.43,35.44,81100,2874838.0
2026-03-11 11:05:00,2026-03-11,20260311110500000,000963,5,35.44,35.5,35.43,35.49,84400,2993385.0
2026-03-11 11:10:00,2026-03-11,20260311111000000,000963,5,35.49,35.6,35.48,35.57,360300,12803496.0
2026-03-11 11:15:00,2026-03-11,20260311111500000,000963,5,35.57,35.58,35.54,35.56,95900,3410931.0
2026-03-11 11:20:00,2026-03-11,20260311112000000,000963,5,35.56,35.57,35.53,35.54,73800,2623474.0
2026-03-11 11:25:00,2026-03-11,20260311112500000,000963,5,35.54,35.54,35.45,35.48,94200,3342590.0
2026-03-11 11:30:00,2026-03-11,20260311113000000,000963,5,35.48,35.48,35.43,35.46,60700,2151804.0
2026-03-11 13:05:00,2026-03-11,20260311130500000,000963,5,35.48,35.54,35.45,35.51,128000,4543845.0
2026-03-11 13:10:00,2026-03-11,20260311131000000,000963,5,35.51,35.53,35.49,35.51,47400,1683346.0
2026-03-11 13:15:00,2026-03-11,20260311131500000,000963,5,35.51,35.58,35.49,35.5,210800,7491787.0
2026-03-11 13:20:00,2026-03-11,20260311132000000,000963,5,35.49,35.52,35.46,35.48,52500,1862616.0
2026-03-11 13:25:00,2026-03-11,20260311132500000,000963,5,35.49,35.5,35.46,35.46,101300,3594569.0
2026-03-11 13:30:00,2026-03-11,20260311133000000,000963,5,35.47,35.47,35.39,35.39,191000,6765802.0
2026-03-11 13:35:00,2026-03-11,20260311133500000,000963,5,35.4,35.43,35.39,35.39,79200,2804624.8
2026-03-11 13:40:00,2026-03-11,20260311134000000,000963,5,35.39,35.43,35.39,35.41,40000,1416353.0
2026-03-11 13:45:00,2026-03-11,20260311134500000,000963,5,35.41,35.41,35.34,35.34,138700,4906272.0
2026-03-11 13:50:00,2026-03-11,20260311135000000,000963,5,35.33,35.41,35.32,35.39,109300,3863865.0
2026-03-11 13:55:00,2026-03-11,20260311135500000,000963,5,35.39,35.44,35.38,35.4,75300,2666007.0
2026-03-11 14:00:00,2026-03-11,20260311140000000,000963,5,35.4,35.43,35.38,35.39,100500,3558845.0
2026-03-11 14:05:00,2026-03-11,20260311140500000,000963,5,35.39,35.44,35.38,35.44,55600,1968759.0
2026-03-11 14:10:00,2026-03-11,20260311141000000,000963,5,35.44,35.44,35.38,35.4,70500,2496332.0
2026-03-11 14:15:00,2026-03-11,20260311141500000,000963,5,35.4,35.42,35.38,35.41,78700,2785777.0
2026-03-11 14:20:00,2026-03-11,20260311142000000,000963,5,35.41,35.45,35.4,35.42,86100,3050169.0
2026-03-11 14:25:00,2026-03-11,20260311142500000,000963,5,35.42,35.42,35.32,35.37,165500,5855351.0
2026-03-11 14:30:00,2026-03-11,20260311143000000,000963,5,35.35,35.41,35.34,35.39,120842,4273762.28
2026-03-11 14:35:00,2026-03-11,20260311143500000,000963,5,35.4,35.4,35.35,35.38,176100,6228336.0
2026-03-11 14:40:00,2026-03-11,20260311144000000,000963,5,35.38,35.4,35.35,35.4,83000,2935986.0
2026-03-11 14:45:00,2026-03-11,20260311144500000,000963,5,35.4,35.42,35.37,35.37,185600,6570206.0
2026-03-11 14:50:00,2026-03-11,20260311145000000,000963,5,35.38,35.41,35.37,35.39,104751,3707163.38
2026-03-11 14:55:00,2026-03-11,20260311145500000,000963,5,35.39,35.42,35.38,35.39,235800,8346748.0
2026-03-11 15:00:00,2026-03-11,20260311150000000,000963,5,35.38,35.41,35.33,35.37,377400,13348722.0
2026-03-12 09:35:00,2026-03-12,20260312093500000,000963,5,35.39,35.46,35.19,35.37,436915,15430668.05
2026-03-12 09:40:00,2026-03-12,20260312094000000,000963,5,35.38,35.46,35.23,35.31,275500,9735787.0
2026-03-12 09:45:00,2026-03-12,20260312094500000,000963,5,35.31,35.33,35.25,35.3,225800,7967822.1
2026-03-12 09:50:00,2026-03-12,20260312095000000,000963,5,35.28,35.3,35.13,35.13,482700,16992314.0
2026-03-12 09:55:00,2026-03-12,20260312095500000,000963,5,35.13,35.19,35.06,35.08,360400,12655909.0
2026-03-12 10:00:00,2026-03-12,20260312100000000,000963,5,35.08,35.14,35.07,35.13,181800,6378265.0
2026-03-12 10:05:00,2026-03-12,20260312100500000,000963,5,35.12,35.26,35.11,35.21,114400,4028119.0
2026-03-12 10:10:00,2026-03-12,20260312101000000,000963,5,35.21,35.27,35.12,35.13,112500,3960235.0
2026-03-12 10:15:00,2026-03-12,20260312101500000,000963,5,35.13,35.16,35.11,35.13,90960,3195227.2
2026-03-12 10:20:00,2026-03-12,20260312102000000,000963,5,35.13,35.16,35.07,35.09,276000,9689319.0
2026-03-12 10:25:00,2026-03-12,20260312102500000,000963,5,35.08,35.09,35.05,35.07,316200,11088189.0
2026-03-12 10:30:00,2026-03-12,20260312103000000,000963,5,35.08,35.09,35.03,35.05,225200,7895074.0
2026-03-12 10:35:00,2026-03-12,20260312103500000,000963,5,35.08,35.12,35.04,35.1,127700,4477407.0
2026-03-12 10:40:00,2026-03-12,20260312104000000,000963,5,35.1,35.11,35.0,35.0,377900,13243245.0
2026-03-12 10:45:00,2026-03-12,20260312104500000,000963,5,34.95,35.0,34.92,34.97,324500,11347916.0
2026-03-12 10:50:00,2026-03-12,20260312105000000,000963,5,34.97,35.03,34.97,34.98,108600,3801244.0
2026-03-12 10:55:00,2026-03-12,20260312105500000,000963,5,34.98,35.02,34.98,35.0,74600,2610807.0
2026-03-12 11:00:00,2026-03-12,20260312110000000,000963,5,35.01,35.01,34.94,34.96,116500,4073171.0
2026-03-12 11:05:00,2026-03-12,20260312110500000,000963,5,34.96,34.98,34.95,34.96,72400,2531526.0
2026-03-12 11:10:00,2026-03-12,20260312111000000,000963,5,34.96,35.01,34.96,35.0,117200,4101339.0
2026-03-12 11:15:00,2026-03-12,20260312111500000,000963,5,35.01,35.03,34.99,35.0,30500,1067832.0
2026-03-12 11:20:00,2026-03-12,20260312112000000,000963,5,34.99,35.0,34.97,35.0,108500,3796395.0
2026-03-12 11:25:00,2026-03-12,20260312112500000,000963,5,34.98,35.0,34.96,34.97,41800,1461982.0
2026-03-12 11:30:00,2026-03-12,20260312113000000,000963,5,34.97,34.98,34.95,34.96,43700,1527870.0
2026-03-12 13:05:00,2026-03-12,20260312130500000,000963,5,34.96,34.98,34.88,34.88,284400,9929671.0
2026-03-12 13:10:00,2026-03-12,20260312131000000,000963,5,34.88,34.94,34.88,34.9,162700,5678237.0
2026-03-12 13:15:00,2026-03-12,20260312131500000,000963,5,34.89,34.9,34.87,34.88,70500,2459369.0
2026-03-12 13:20:00,2026-03-12,20260312132000000,000963,5,34.88,34.9,34.87,34.88,87400,3048767.0
2026-03-12 13:25:00,2026-03-12,20260312132500000,000963,5,34.89,34.9,34.86,34.88,62900,2193512.0
2026-03-12 13:30:00,2026-03-12,20260312133000000,000963,5,34.88,34.91,34.87,34.88,71600,2498158.0
2026-03-12 13:35:00,2026-03-12,20260312133500000,000963,5,34.88,34.98,34.88,34.97,130000,4541248.0
2026-03-12 13:40:00,2026-03-12,20260312134000000,000963,5,34.96,34.97,34.92,34.92,75000,2620997.0
2026-03-12 13:45:00,2026-03-12,20260312134500000,000963,5,34.92,34.99,34.92,34.99,123600,4321502.0
2026-03-12 13:50:00,2026-03-12,20260312135000000,000963,5,34.99,35.0,34.97,34.99,83800,2931912.0
2026-03-12 13:55:00,2026-03-12,20260312135500000,000963,5,34.99,35.0,34.96,35.0,78400,2742508.0
2026-03-12 14:00:00,2026-03-12,20260312140000000,000963,5,34.99,35.04,34.99,35.04,60700,2125153.0
2026-03-12 14:05:00,2026-03-12,20260312140500000,000963,5,35.03,35.05,35.0,35.01,76400,2675761.0
2026-03-12 14:10:00,2026-03-12,20260312141000000,000963,5,35.01,35.02,34.98,35.0,63600,2226034.0
2026-03-12 14:15:00,2026-03-12,20260312141500000,000963,5,35.02,35.02,34.98,34.98,111000,3884651.0
2026-03-12 14:20:00,2026-03-12,20260312142000000,000963,5,34.98,34.99,34.91,34.96,112300,3925190.0
2026-03-12 14:25:00,2026-03-12,20260312142500000,000963,5,34.96,34.99,34.93,34.99,90900,3177930.0
2026-03-12 14:30:00,2026-03-12,20260312143000000,000963,5,34.99,34.99,34.93,34.95,167600,5860617.0
2026-03-12 14:35:00,2026-03-12,20260312143500000,000963,5,34.95,34.97,34.93,34.96,102000,3564366.0
2026-03-12 14:40:00,2026-03-12,20260312144000000,000963,5,34.96,34.99,34.95,34.96,77300,2703385.0
2026-03-12 14:45:00,2026-03-12,20260312144500000,000963,5,34.95,34.98,34.95,34.98,100900,3527556.0
2026-03-12 14:50:00,2026-03-12,20260312145000000,000963,5,34.98,34.98,34.91,34.92,366300,12795179.0
2026-03-12 14:55:00,2026-03-12,20260312145500000,000963,5,34.95,34.95,34.91,34.92,226000,7892633.0
2026-03-12 15:00:00,2026-03-12,20260312150000000,000963,5,34.93,34.98,34.91,34.98,151100,5281766.0
2026-03-13 09:35:00,2026-03-13,20260313093500000,000963,5,34.84,35.01,34.75,35.01,338139,11801413.64
2026-03-13 09:40:00,2026-03-13,20260313094000000,000963,5,35.03,35.07,34.87,34.89,291700,10213314.0
2026-03-13 09:45:00,2026-03-13,20260313094500000,000963,5,34.88,35.09,34.86,34.86,224100,7841759.0
2026-03-13 09:50:00,2026-03-13,20260313095000000,000963,5,34.86,34.92,34.84,34.86,115000,4011453.0
2026-03-13 09:55:00,2026-03-13,20260313095500000,000963,5,34.86,34.89,34.83,34.88,128300,4471124.0
2026-03-13 10:00:00,2026-03-13,20260313100000000,000963,5,34.88,34.99,34.88,34.98,80000,2795114.0
2026-03-13 10:05:00,2026-03-13,20260313100500000,000963,5,34.98,34.99,34.96,34.98,52800,1846795.0
2026-03-13 10:10:00,2026-03-13,20260313101000000,000963,5,34.97,34.99,34.94,34.95,89500,3129288.0
2026-03-13 10:15:00,2026-03-13,20260313101500000,000963,5,34.97,34.99,34.91,34.95,139000,4858565.0
2026-03-13 10:20:00,2026-03-13,20260313102000000,000963,5,34.96,34.99,34.96,34.96,59400,2077423.0
2026-03-13 10:25:00,2026-03-13,20260313102500000,000963,5,34.97,35.02,34.97,34.98,130200,4556232.0
2026-03-13 10:30:00,2026-03-13,20260313103000000,000963,5,34.98,34.99,34.95,34.98,56448,1974692.08
2026-03-13 10:35:00,2026-03-13,20260313103500000,000963,5,34.98,34.98,34.92,34.94,86900,3035943.0
2026-03-13 10:40:00,2026-03-13,20260313104000000,000963,5,34.94,34.95,34.88,34.89,116400,4063768.0
2026-03-13 10:45:00,2026-03-13,20260313104500000,000963,5,34.89,34.99,34.88,34.99,95400,3330558.0
2026-03-13 10:50:00,2026-03-13,20260313105000000,000963,5,34.99,35.08,34.99,35.08,118000,4134501.0
2026-03-13 10:55:00,2026-03-13,20260313105500000,000963,5,35.07,35.12,35.06,35.08,272225,9550963.0
2026-03-13 11:00:00,2026-03-13,20260313110000000,000963,5,35.08,35.08,35.04,35.07,52700,1847313.0
2026-03-13 11:05:00,2026-03-13,20260313110500000,000963,5,35.07,35.12,35.05,35.07,73300,2572065.0
2026-03-13 11:10:00,2026-03-13,20260313111000000,000963,5,35.05,35.05,35.0,35.03,123300,4318596.0
2026-03-13 11:15:00,2026-03-13,20260313111500000,000963,5,35.05,35.05,34.98,34.99,79500,2782935.0
2026-03-13 11:20:00,2026-03-13,20260313112000000,000963,5,34.98,35.02,34.98,35.02,39200,1372283.0
2026-03-13 11:25:00,2026-03-13,20260313112500000,000963,5,35.02,35.02,34.98,34.98,35300,1235402.0
2026-03-13 11:30:00,2026-03-13,20260313113000000,000963,5,34.98,35.05,34.98,35.02,51500,1802690.0
2026-03-13 13:05:00,2026-03-13,20260313130500000,000963,5,35.01,35.05,35.01,35.04,29300,1026591.0
2026-03-13 13:10:00,2026-03-13,20260313131000000,000963,5,35.04,35.11,35.03,35.11,88000,3086940.0
2026-03-13 13:15:00,2026-03-13,20260313131500000,000963,5,35.1,35.18,35.1,35.14,219800,7722580.0
2026-03-13 13:20:00,2026-03-13,20260313132000000,000963,5,35.14,35.15,35.09,35.09,59700,2096432.0
2026-03-13 13:25:00,2026-03-13,20260313132500000,000963,5,35.09,35.12,35.05,35.05,102000,3579629.0
2026-03-13 13:30:00,2026-03-13,20260313133000000,000963,5,35.05,35.06,35.01,35.04,48300,1692393.0
2026-03-13 13:35:00,2026-03-13,20260313133500000,000963,5,35.04,35.05,35.01,35.03,63800,2234514.0
2026-03-13 13:40:00,2026-03-13,20260313134000000,000963,5,35.03,35.06,35.01,35.04,36500,1278726.0
2026-03-13 13:45:00,2026-03-13,20260313134500000,000963,5,35.03,35.06,34.98,35.0,163200,5713455.0
2026-03-13 13:50:00,2026-03-13,20260313135000000,000963,5,34.99,34.99,34.95,34.97,127500,4458366.0
2026-03-13 13:55:00,2026-03-13,20260313135500000,000963,5,34.96,34.96,34.93,34.95,83175,2906513.5
2026-03-13 14:00:00,2026-03-13,20260313140000000,000963,5,34.95,34.95,34.9,34.9,77300,2699784.0
2026-03-13 14:05:00,2026-03-13,20260313140500000,000963,5,34.9,34.96,34.9,34.92,45600,1592666.0
2026-03-13 14:10:00,2026-03-13,20260313141000000,000963,5,34.93,34.96,34.93,34.94,43800,1530388.0
2026-03-13 14:15:00,2026-03-13,20260313141500000,000963,5,34.94,34.97,34.92,34.95,45300,1583070.0
2026-03-13 14:20:00,2026-03-13,20260313142000000,000963,5,34.97,34.97,34.93,34.95,35900,1254705.0
2026-03-13 14:25:00,2026-03-13,20260313142500000,000963,5,34.95,34.97,34.93,34.97,75400,2635390.0
2026-03-13 14:30:00,2026-03-13,20260313143000000,000963,5,34.97,34.97,34.91,34.94,175800,6141119.0
2026-03-13 14:35:00,2026-03-13,20260313143500000,000963,5,34.94,34.95,34.91,34.94,59800,2088517.0
2026-03-13 14:40:00,2026-03-13,20260313144000000,000963,5,34.94,34.98,34.9,34.9,155700,5437806.0
2026-03-13 14:45:00,2026-03-13,20260313144500000,000963,5,34.91,34.92,34.8,34.81,361000,12580737.0
2026-03-13 14:50:00,2026-03-13,20260313145000000,000963,5,34.81,34.87,34.81,34.84,58300,2030934.0
2026-03-13 14:55:00,2026-03-13,20260313145500000,000963,5,34.85,34.87,34.83,34.87,108700,3788942.0
2026-03-13 15:00:00,2026-03-13,20260313150000000,000963,5,34.87,34.93,34.87,34.93,70800,2471825.0
2026-03-16 09:35:00,2026-03-16,20260316093500000,000963,5,34.88,34.99,34.79,34.93,287700,10039901.0
2026-03-16 09:40:00,2026-03-16,20260316094000000,000963,5,34.93,34.93,34.79,34.9,323000,11258313.0
2026-03-16 09:45:00,2026-03-16,20260316094500000,000963,5,34.91,34.97,34.89,34.95,287700,10052663.0
2026-03-16 09:50:00,2026-03-16,20260316095000000,000963,5,34.96,34.96,34.82,34.86,205300,7161846.0
2026-03-16 09:55:00,2026-03-16,20260316095500000,000963,5,34.86,34.89,34.81,34.84,198700,6922492.0
2026-03-16 10:00:00,2026-03-16,20260316100000000,000963,5,34.84,35.14,34.83,35.14,389500,13639637.0
2026-03-16 10:05:00,2026-03-16,20260316100500000,000963,5,35.14,35.18,35.1,35.15,339800,11945313.0
2026-03-16 10:10:00,2026-03-16,20260316101000000,000963,5,35.15,35.44,35.15,35.43,713437,25207316.91
2026-03-16 10:15:00,2026-03-16,20260316101500000,000963,5,35.43,35.59,35.43,35.58,734730,26098474.9
2026-03-16 10:20:00,2026-03-16,20260316102000000,000963,5,35.58,35.65,35.54,35.63,730411,26003146.38
2026-03-16 10:25:00,2026-03-16,20260316102500000,000963,5,35.62,35.76,35.62,35.67,733000,26151795.0
2026-03-16 10:30:00,2026-03-16,20260316103000000,000963,5,35.67,35.78,35.59,35.75,950800,33956788.0
2026-03-16 10:35:00,2026-03-16,20260316103500000,000963,5,35.73,35.74,35.67,35.68,381600,13622531.0
2026-03-16 10:40:00,2026-03-16,20260316104000000,000963,5,35.68,35.69,35.55,35.55,296400,10564633.0
2026-03-16 10:45:00,2026-03-16,20260316104500000,000963,5,35.55,35.59,35.54,35.57,111800,3975919.0
2026-03-16 10:50:00,2026-03-16,20260316105000000,000963,5,35.57,35.58,35.52,35.54,222400,7904113.0
2026-03-16 10:55:00,2026-03-16,20260316105500000,000963,5,35.55,35.55,35.46,35.49,164600,5844356.0
2026-03-16 11:00:00,2026-03-16,20260316110000000,000963,5,35.49,35.58,35.48,35.53,91200,3240336.0
2026-03-16 11:05:00,2026-03-16,20260316110500000,000963,5,35.53,35.53,35.5,35.52,67100,2383537.0
2026-03-16 11:10:00,2026-03-16,20260316111000000,000963,5,35.52,35.54,35.48,35.5,78000,2769991.0
2026-03-16 11:15:00,2026-03-16,20260316111500000,000963,5,35.5,35.55,35.49,35.51,100300,3562281.0
2026-03-16 11:20:00,2026-03-16,20260316112000000,000963,5,35.53,35.57,35.5,35.57,149400,5309315.0
2026-03-16 11:25:00,2026-03-16,20260316112500000,000963,5,35.57,35.65,35.57,35.58,288680,10280150.6
2026-03-16 11:30:00,2026-03-16,20260316113000000,000963,5,35.58,35.6,35.53,35.55,75200,2674679.0
2026-03-16 13:05:00,2026-03-16,20260316130500000,000963,5,35.57,35.59,35.51,35.54,154600,5495582.0
2026-03-16 13:10:00,2026-03-16,20260316131000000,000963,5,35.53,35.55,35.47,35.48,134600,4779607.0
2026-03-16 13:15:00,2026-03-16,20260316131500000,000963,5,35.48,35.49,35.4,35.42,157900,5595920.0
2026-03-16 13:20:00,2026-03-16,20260316132000000,000963,5,35.42,35.48,35.42,35.48,149700,5308067.0
2026-03-16 13:25:00,2026-03-16,20260316132500000,000963,5,35.47,35.48,35.39,35.4,166100,5884437.0
2026-03-16 13:30:00,2026-03-16,20260316133000000,000963,5,35.39,35.4,35.39,35.4,67200,2378439.0
2026-03-16 13:35:00,2026-03-16,20260316133500000,000963,5,35.4,35.42,35.38,35.39,95300,3374010.0
2026-03-16 13:40:00,2026-03-16,20260316134000000,000963,5,35.4,35.44,35.39,35.4,65200,2308698.0
2026-03-16 13:45:00,2026-03-16,20260316134500000,000963,5,35.4,35.45,35.4,35.44,61556,2179769.52
2026-03-16 13:50:00,2026-03-16,20260316135000000,000963,5,35.44,35.46,35.42,35.43,56300,1995391.0
2026-03-16 13:55:00,2026-03-16,20260316135500000,000963,5,35.43,35.44,35.41,35.41,45200,1601130.0
2026-03-16 14:00:00,2026-03-16,20260316140000000,000963,5,35.41,35.43,35.41,35.41,56800,2011870.0
2026-03-16 14:05:00,2026-03-16,20260316140500000,000963,5,35.41,35.42,35.41,35.41,32400,1147481.0
2026-03-16 14:10:00,2026-03-16,20260316141000000,000963,5,35.42,35.43,35.41,35.41,48500,1717688.0
2026-03-16 14:15:00,2026-03-16,20260316141500000,000963,5,35.41,35.44,35.41,35.43,63900,2263864.0
2026-03-16 14:20:00,2026-03-16,20260316142000000,000963,5,35.43,35.47,35.43,35.47,60700,2151568.0
2026-03-16 14:25:00,2026-03-16,20260316142500000,000963,5,35.45,35.49,35.45,35.46,64500,2287921.0
2026-03-16 14:30:00,2026-03-16,20260316143000000,000963,5,35.46,35.46,35.43,35.44,37600,1332663.0
2026-03-16 14:35:00,2026-03-16,20260316143500000,000963,5,35.44,35.45,35.43,35.43,35400,1254402.0
2026-03-16 14:40:00,2026-03-16,20260316144000000,000963,5,35.44,35.45,35.41,35.41,97500,3453954.0
2026-03-16 14:45:00,2026-03-16,20260316144500000,000963,5,35.41,35.44,35.41,35.44,92200,3266267.0
2026-03-16 14:50:00,2026-03-16,20260316145000000,000963,5,35.45,35.48,35.44,35.47,92400,3276501.0
2026-03-16 14:55:00,2026-03-16,20260316145500000,000963,5,35.47,35.48,35.45,35.47,151200,5361642.0
2026-03-16 15:00:00,2026-03-16,20260316150000000,000963,5,35.47,35.48,35.46,35.47,104473,3705550.31
2026-03-17 09:35:00,2026-03-17,20260317093500000,000963,5,35.48,35.58,35.38,35.51,368104,13068808.08
2026-03-17 09:40:00,2026-03-17,20260317094000000,000963,5,35.51,35.58,35.45,35.53,266000,9447828.0
2026-03-17 09:45:00,2026-03-17,20260317094500000,000963,5,35.53,35.63,35.51,35.56,382300,13604808.0
2026-03-17 09:50:00,2026-03-17,20260317095000000,000963,5,35.56,35.59,35.52,35.56,116956,4157871.12
2026-03-17 09:55:00,2026-03-17,20260317095500000,000963,5,35.56,35.67,35.53,35.65,294200,10473592.0
2026-03-17 10:00:00,2026-03-17,20260317100000000,000963,5,35.67,35.75,35.67,35.69,292400,10442569.0
2026-03-17 10:05:00,2026-03-17,20260317100500000,000963,5,35.68,35.86,35.68,35.86,638900,22863411.0
2026-03-17 10:10:00,2026-03-17,20260317101000000,000963,5,35.85,35.99,35.85,35.91,943600,33904346.0
2026-03-17 10:15:00,2026-03-17,20260317101500000,000963,5,35.92,36.05,35.87,36.04,567400,20405632.0
2026-03-17 10:20:00,2026-03-17,20260317102000000,000963,5,36.04,36.13,36.02,36.06,841700,30367079.0
2026-03-17 10:25:00,2026-03-17,20260317102500000,000963,5,36.06,36.12,36.05,36.12,360300,12999957.0
2026-03-17 10:30:00,2026-03-17,20260317103000000,000963,5,36.1,36.34,36.08,36.34,1337210,48429465.5
2026-03-17 10:35:00,2026-03-17,20260317103500000,000963,5,36.34,36.35,36.22,36.25,539500,19579459.0
2026-03-17 10:40:00,2026-03-17,20260317104000000,000963,5,36.28,36.34,36.17,36.3,556500,20187614.0
2026-03-17 10:45:00,2026-03-17,20260317104500000,000963,5,36.3,36.36,36.29,36.36,615500,22362445.0
2026-03-17 10:50:00,2026-03-17,20260317105000000,000963,5,36.35,36.43,36.31,36.33,678400,24674807.0
2026-03-17 10:55:00,2026-03-17,20260317105500000,000963,5,36.33,36.35,36.29,36.3,226700,8230149.0
2026-03-17 11:00:00,2026-03-17,20260317110000000,000963,5,36.29,36.35,36.25,36.31,343000,12450371.0
2026-03-17 11:05:00,2026-03-17,20260317110500000,000963,5,36.3,36.3,36.22,36.24,155400,5634288.0
2026-03-17 11:10:00,2026-03-17,20260317111000000,000963,5,36.24,36.36,36.24,36.24,236100,8570554.0
2026-03-17 11:15:00,2026-03-17,20260317111500000,000963,5,36.23,36.28,36.2,36.22,179800,6514215.0
2026-03-17 11:20:00,2026-03-17,20260317112000000,000963,5,36.21,36.25,36.18,36.2,190900,6912606.0
2026-03-17 11:25:00,2026-03-17,20260317112500000,000963,5,36.21,36.22,36.19,36.19,59713,2162033.6
2026-03-17 11:30:00,2026-03-17,20260317113000000,000963,5,36.19,36.22,36.16,36.17,158900,5751046.0
2026-03-17 13:05:00,2026-03-17,20260317130500000,000963,5,36.18,36.21,36.13,36.16,148400,5368204.0
2026-03-17 13:10:00,2026-03-17,20260317131000000,000963,5,36.17,36.2,36.14,36.17,111900,4047066.0
2026-03-17 13:15:00,2026-03-17,20260317131500000,000963,5,36.14,36.19,36.14,36.18,79900,2889999.0
2026-03-17 13:20:00,2026-03-17,20260317132000000,000963,5,36.18,36.22,36.18,36.19,122900,4448698.0
2026-03-17 13:25:00,2026-03-17,20260317132500000,000963,5,36.19,36.2,36.17,36.17,60200,2177971.0
2026-03-17 13:30:00,2026-03-17,20260317133000000,000963,5,36.17,36.18,36.12,36.16,149900,5418703.0
2026-03-17 13:35:00,2026-03-17,20260317133500000,000963,5,36.16,36.16,36.11,36.12,69500,2511344.0
2026-03-17 13:40:00,2026-03-17,20260317134000000,000963,5,36.12,36.15,36.11,36.14,92700,3349407.0
2026-03-17 13:45:00,2026-03-17,20260317134500000,000963,5,36.14,36.16,36.12,36.15,97600,3527889.0
2026-03-17 13:50:00,2026-03-17,20260317135000000,000963,5,36.15,36.16,36.06,36.08,211600,7640678.0
2026-03-17 13:55:00,2026-03-17,20260317135500000,000963,5,36.08,36.08,36.02,36.07,220000,7929594.0
2026-03-17 14:00:00,2026-03-17,20260317140000000,000963,5,36.07,36.09,36.03,36.04,98800,3564006.63
2026-03-17 14:05:00,2026-03-17,20260317140500000,000963,5,36.04,36.05,35.97,35.99,217200,7819607.0
2026-03-17 14:10:00,2026-03-17,20260317141000000,000963,5,35.98,35.99,35.92,35.96,224500,8069594.0
2026-03-17 14:15:00,2026-03-17,20260317141500000,000963,5,35.96,36.0,35.92,36.0,229400,8251454.0
2026-03-17 14:20:00,2026-03-17,20260317142000000,000963,5,36.0,36.0,35.94,35.97,239000,8599159.0
2026-03-17 14:25:00,2026-03-17,20260317142500000,000963,5,35.96,35.97,35.91,35.95,113200,4067911.0
2026-03-17 14:30:00,2026-03-17,20260317143000000,000963,5,35.95,35.96,35.92,35.92,151836,5455870.12
2026-03-17 14:35:00,2026-03-17,20260317143500000,000963,5,35.94,35.97,35.92,35.97,213530,7675462.93
2026-03-17 14:40:00,2026-03-17,20260317144000000,000963,5,35.97,36.02,35.93,35.95,406449,14621411.6
2026-03-17 14:45:00,2026-03-17,20260317144500000,000963,5,35.95,36.02,35.95,36.0,217700,7835668.0
2026-03-17 14:50:00,2026-03-17,20260317145000000,000963,5,36.0,36.05,35.99,36.02,281000,10120171.0
2026-03-17 14:55:00,2026-03-17,20260317145500000,000963,5,36.02,36.05,36.0,36.04,419100,15097840.06
2026-03-17 15:00:00,2026-03-17,20260317150000000,000963,5,36.05,36.06,36.03,36.05,369804,13331399.26
2026-03-18 09:35:00,2026-03-18,20260318093500000,000963,5,35.91,36.02,35.78,35.82,621500,22291672.0
2026-03-18 09:40:00,2026-03-18,20260318094000000,000963,5,35.82,35.82,35.71,35.73,357700,12790627.0
2026-03-18 09:45:00,2026-03-18,20260318094500000,000963,5,35.74,35.76,35.6,35.76,534700,19073072.0
2026-03-18 09:50:00,2026-03-18,20260318095000000,000963,5,35.75,35.95,35.75,35.82,302400,10849336.0
2026-03-18 09:55:00,2026-03-18,20260318095500000,000963,5,35.82,35.84,35.72,35.79,244700,8756645.0
2026-03-18 10:00:00,2026-03-18,20260318100000000,000963,5,35.79,35.97,35.79,35.85,261400,9383102.32
2026-03-18 10:05:00,2026-03-18,20260318100500000,000963,5,35.86,35.93,35.82,35.87,153900,5517316.0
2026-03-18 10:10:00,2026-03-18,20260318101000000,000963,5,35.87,35.95,35.86,35.93,122100,4385907.0
2026-03-18 10:15:00,2026-03-18,20260318101500000,000963,5,35.93,35.93,35.83,35.84,119500,4286554.0
2026-03-18 10:20:00,2026-03-18,20260318102000000,000963,5,35.85,35.98,35.84,35.98,316900,11377954.16
2026-03-18 10:25:00,2026-03-18,20260318102500000,000963,5,35.97,36.14,35.97,36.11,342200,12340650.0
2026-03-18 10:30:00,2026-03-18,20260318103000000,000963,5,36.12,36.33,36.12,36.32,485884,17608804.16
2026-03-18 10:35:00,2026-03-18,20260318103500000,000963,5,36.33,36.37,36.26,36.29,351900,12779636.0
2026-03-18 10:40:00,2026-03-18,20260318104000000,000963,5,36.29,36.3,36.22,36.24,167800,6084439.0
2026-03-18 10:45:00,2026-03-18,20260318104500000,000963,5,36.24,36.26,36.19,36.19,212300,7691591.0
2026-03-18 10:50:00,2026-03-18,20260318105000000,000963,5,36.21,36.25,36.1,36.1,112700,4077333.0
2026-03-18 10:55:00,2026-03-18,20260318105500000,000963,5,36.1,36.17,36.08,36.09,105300,3803713.0
2026-03-18 11:00:00,2026-03-18,20260318110000000,000963,5,36.1,36.11,36.04,36.11,188300,6791395.0
2026-03-18 11:05:00,2026-03-18,20260318110500000,000963,5,36.11,36.17,36.1,36.16,197700,7142225.0
2026-03-18 11:10:00,2026-03-18,20260318111000000,000963,5,36.16,36.21,36.11,36.11,209600,7580053.0
2026-03-18 11:15:00,2026-03-18,20260318111500000,000963,5,36.1,36.12,36.06,36.11,55600,2006371.0
2026-03-18 11:20:00,2026-03-18,20260318112000000,000963,5,36.11,36.14,36.08,36.08,90100,3253649.0
2026-03-18 11:25:00,2026-03-18,20260318112500000,000963,5,36.08,36.08,36.04,36.05,65300,2355092.0
2026-03-18 11:30:00,2026-03-18,20260318113000000,000963,5,36.04,36.09,36.0,36.04,164100,5912619.0
2026-03-18 13:05:00,2026-03-18,20260318130500000,000963,5,36.02,36.1,35.96,36.09,218100,7858717.84
2026-03-18 13:10:00,2026-03-18,20260318131000000,000963,5,36.09,36.1,36.01,36.01,81600,2941428.0
2026-03-18 13:15:00,2026-03-18,20260318131500000,000963,5,36.0,36.01,35.92,35.92,89900,3233527.0
2026-03-18 13:20:00,2026-03-18,20260318132000000,000963,5,35.92,35.96,35.91,35.96,53900,1936500.0
2026-03-18 13:25:00,2026-03-18,20260318132500000,000963,5,35.96,36.0,35.96,35.97,36400,1309689.0
2026-03-18 13:30:00,2026-03-18,20260318133000000,000963,5,35.97,35.97,35.88,35.88,122900,4414505.0
2026-03-18 13:35:00,2026-03-18,20260318133500000,000963,5,35.88,36.05,35.88,36.02,152900,5500691.0
2026-03-18 13:40:00,2026-03-18,20260318134000000,000963,5,36.02,36.02,35.95,35.96,53400,1921908.0
2026-03-18 13:45:00,2026-03-18,20260318134500000,000963,5,35.95,35.97,35.95,35.96,48000,1725949.0
2026-03-18 13:50:00,2026-03-18,20260318135000000,000963,5,35.96,35.99,35.96,35.98,64800,2331045.0
2026-03-18 13:55:00,2026-03-18,20260318135500000,000963,5,35.97,35.99,35.93,35.97,92800,3336913.0
2026-03-18 14:00:00,2026-03-18,20260318140000000,000963,5,35.97,35.97,35.93,35.94,69400,2494524.0
2026-03-18 14:05:00,2026-03-18,20260318140500000,000963,5,35.94,35.97,35.91,35.93,162200,5830473.0
2026-03-18 14:10:00,2026-03-18,20260318141000000,000963,5,35.95,36.03,35.89,36.02,212800,7649294.0
2026-03-18 14:15:00,2026-03-18,20260318141500000,000963,5,36.02,36.06,36.0,36.01,106300,3830797.0
2026-03-18 14:20:00,2026-03-18,20260318142000000,000963,5,36.0,36.05,35.99,36.05,55900,2013179.0
2026-03-18 14:25:00,2026-03-18,20260318142500000,000963,5,36.04,36.1,36.04,36.06,101700,3668388.0
2026-03-18 14:30:00,2026-03-18,20260318143000000,000963,5,36.06,36.09,36.04,36.09,171100,6170337.0
2026-03-18 14:35:00,2026-03-18,20260318143500000,000963,5,36.09,36.1,36.06,36.08,100200,3614688.0
2026-03-18 14:40:00,2026-03-18,20260318144000000,000963,5,36.08,36.09,36.04,36.05,96600,3483298.0
2026-03-18 14:45:00,2026-03-18,20260318144500000,000963,5,36.06,36.09,36.05,36.09,178900,6452754.0
2026-03-18 14:50:00,2026-03-18,20260318145000000,000963,5,36.09,36.14,36.08,36.14,178900,6461075.0
2026-03-18 14:55:00,2026-03-18,20260318145500000,000963,5,36.14,36.15,36.12,36.14,211248,7633627.76
2026-03-18 15:00:00,2026-03-18,20260318150000000,000963,5,36.13,36.15,36.12,36.12,232152,8387059.24
2026-03-19 09:35:00,2026-03-19,20260319093500000,000963,5,35.75,35.95,35.69,35.94,538400,19276420.0
2026-03-19 09:40:00,2026-03-19,20260319094000000,000963,5,35.93,36.0,35.88,35.92,266300,9569554.0
2026-03-19 09:45:00,2026-03-19,20260319094500000,000963,5,35.9,36.06,35.86,35.92,268948,9671725.44
2026-03-19 09:50:00,2026-03-19,20260319095000000,000963,5,35.91,36.2,35.87,36.19,337100,12147051.0
2026-03-19 09:55:00,2026-03-19,20260319095500000,000963,5,36.16,36.2,36.02,36.02,237200,8560638.0
2026-03-19 10:00:00,2026-03-19,20260319100000000,000963,5,36.02,36.05,35.96,36.05,133900,4819261.0
2026-03-19 10:05:00,2026-03-19,20260319100500000,000963,5,36.02,36.07,35.91,35.91,306000,11014002.0
2026-03-19 10:10:00,2026-03-19,20260319101000000,000963,5,35.91,35.93,35.82,35.85,233700,8381109.0
2026-03-19 10:15:00,2026-03-19,20260319101500000,000963,5,35.85,35.85,35.71,35.72,289700,10362083.0
2026-03-19 10:20:00,2026-03-19,20260319102000000,000963,5,35.72,35.77,35.67,35.77,372200,13294889.0
2026-03-19 10:25:00,2026-03-19,20260319102500000,000963,5,35.77,35.8,35.73,35.77,369800,13226053.0
2026-03-19 10:30:00,2026-03-19,20260319103000000,000963,5,35.76,35.84,35.75,35.81,196582,7036687.32
2026-03-19 10:35:00,2026-03-19,20260319103500000,000963,5,35.82,35.9,35.81,35.84,235800,8448653.0
2026-03-19 10:40:00,2026-03-19,20260319104000000,000963,5,35.84,35.9,35.8,35.85,78400,2809389.0
2026-03-19 10:45:00,2026-03-19,20260319104500000,000963,5,35.86,35.91,35.78,35.78,155700,5578604.0
2026-03-19 10:50:00,2026-03-19,20260319105000000,000963,5,35.8,35.84,35.78,35.82,31100,1113839.0
2026-03-19 10:55:00,2026-03-19,20260319105500000,000963,5,35.82,35.82,35.73,35.75,169800,6073170.0
2026-03-19 11:00:00,2026-03-19,20260319110000000,000963,5,35.74,35.84,35.74,35.75,102700,3675126.0
2026-03-19 11:05:00,2026-03-19,20260319110500000,000963,5,35.79,35.83,35.74,35.8,56000,2004731.0
2026-03-19 11:10:00,2026-03-19,20260319111000000,000963,5,35.8,35.82,35.69,35.71,182400,6516797.0
2026-03-19 11:15:00,2026-03-19,20260319111500000,000963,5,35.71,35.75,35.67,35.69,303800,10846959.0
2026-03-19 11:20:00,2026-03-19,20260319112000000,000963,5,35.68,35.76,35.67,35.76,218300,7794972.0
2026-03-19 11:25:00,2026-03-19,20260319112500000,000963,5,35.75,35.76,35.7,35.72,79300,2833622.0
2026-03-19 11:30:00,2026-03-19,20260319113000000,000963,5,35.72,35.79,35.69,35.76,48600,1736404.0
2026-03-19 13:05:00,2026-03-19,20260319130500000,000963,5,35.76,35.76,35.7,35.72,138600,4951069.0
2026-03-19 13:10:00,2026-03-19,20260319131000000,000963,5,35.72,35.74,35.6,35.6,273700,9759088.0
2026-03-19 13:15:00,2026-03-19,20260319131500000,000963,5,35.6,35.63,35.55,35.61,226000,8043927.0
2026-03-19 13:20:00,2026-03-19,20260319132000000,000963,5,35.62,35.69,35.6,35.65,141600,5048660.0
2026-03-19 13:25:00,2026-03-19,20260319132500000,000963,5,35.65,35.69,35.64,35.66,129684,4623532.76
2026-03-19 13:30:00,2026-03-19,20260319133000000,000963,5,35.65,35.67,35.62,35.64,122627,4370090.01
2026-03-19 13:35:00,2026-03-19,20260319133500000,000963,5,35.64,35.69,35.62,35.66,110800,3948799.0
2026-03-19 13:40:00,2026-03-19,20260319134000000,000963,5,35.66,35.67,35.6,35.62,80500,2868356.0
2026-03-19 13:45:00,2026-03-19,20260319134500000,000963,5,35.62,35.64,35.6,35.63,101200,3604328.0
2026-03-19 13:50:00,2026-03-19,20260319135000000,000963,5,35.62,35.64,35.58,35.61,110300,3926519.0
2026-03-19 13:55:00,2026-03-19,20260319135500000,000963,5,35.61,35.69,35.57,35.69,119000,4237700.0
2026-03-19 14:00:00,2026-03-19,20260319140000000,000963,5,35.69,35.72,35.66,35.68,55100,1965980.0
2026-03-19 14:05:00,2026-03-19,20260319140500000,000963,5,35.68,35.72,35.62,35.72,125900,4490097.0
2026-03-19 14:10:00,2026-03-19,20260319141000000,000963,5,35.72,35.73,35.68,35.69,97000,3462335.0
2026-03-19 14:15:00,2026-03-19,20260319141500000,000963,5,35.7,35.72,35.66,35.66,92900,3316973.0
2026-03-19 14:20:00,2026-03-19,20260319142000000,000963,5,35.65,35.69,35.64,35.66,78300,2792323.0
2026-03-19 14:25:00,2026-03-19,20260319142500000,000963,5,35.66,35.66,35.6,35.63,117100,4171615.0
2026-03-19 14:30:00,2026-03-19,20260319143000000,000963,5,35.63,35.63,35.57,35.6,168100,5983362.0
2026-03-19 14:35:00,2026-03-19,20260319143500000,000963,5,35.6,35.62,35.56,35.59,189600,6746358.0
2026-03-19 14:40:00,2026-03-19,20260319144000000,000963,5,35.58,35.59,35.55,35.58,148200,5271688.0
2026-03-19 14:45:00,2026-03-19,20260319144500000,000963,5,35.58,35.6,35.5,35.5,334600,11891886.0
2026-03-19 14:50:00,2026-03-19,20260319145000000,000963,5,35.5,35.52,35.45,35.5,324800,11523260.0
2026-03-19 14:55:00,2026-03-19,20260319145500000,000963,5,35.51,35.57,35.5,35.57,317173,11267841.5
2026-03-19 15:00:00,2026-03-19,20260319150000000,000963,5,35.58,35.65,35.57,35.64,157000,5592056.0
2026-03-20 09:35:00,2026-03-20,20260320093500000,000963,5,35.6,35.8,35.51,35.62,440100,15685719.0
2026-03-20 09:40:00,2026-03-20,20260320094000000,000963,5,35.63,35.78,35.54,35.54,467600,16666562.0
2026-03-20 09:45:00,2026-03-20,20260320094500000,000963,5,35.51,35.57,35.37,35.57,443600,15728879.0
2026-03-20 09:50:00,2026-03-20,20260320095000000,000963,5,35.54,35.69,35.45,35.48,296200,10540596.0
2026-03-20 09:55:00,2026-03-20,20260320095500000,000963,5,35.52,35.55,35.45,35.47,242213,8596741.11
2026-03-20 10:00:00,2026-03-20,20260320100000000,000963,5,35.49,35.58,35.43,35.57,212400,7535538.0
2026-03-20 10:05:00,2026-03-20,20260320100500000,000963,5,35.54,35.58,35.47,35.47,145300,5162461.0
2026-03-20 10:10:00,2026-03-20,20260320101000000,000963,5,35.47,35.54,35.43,35.49,184400,6542888.0
2026-03-20 10:15:00,2026-03-20,20260320101500000,000963,5,35.49,35.52,35.37,35.38,249200,8827148.0
2026-03-20 10:20:00,2026-03-20,20260320102000000,000963,5,35.42,35.49,35.35,35.36,263600,9327920.0
2026-03-20 10:25:00,2026-03-20,20260320102500000,000963,5,35.35,35.4,35.28,35.34,153100,5408087.0
2026-03-20 10:30:00,2026-03-20,20260320103000000,000963,5,35.36,35.37,35.29,35.35,205300,7248261.0
2026-03-20 10:35:00,2026-03-20,20260320103500000,000963,5,35.37,35.45,35.35,35.41,99100,3506288.0
2026-03-20 10:40:00,2026-03-20,20260320104000000,000963,5,35.4,35.44,35.35,35.35,65200,2307704.0
2026-03-20 10:45:00,2026-03-20,20260320104500000,000963,5,35.35,35.39,35.32,35.35,87600,3096498.0
2026-03-20 10:50:00,2026-03-20,20260320105000000,000963,5,35.34,35.39,35.33,35.37,89100,3151242.0
2026-03-20 10:55:00,2026-03-20,20260320105500000,000963,5,35.37,35.41,35.35,35.41,83600,2958567.0
2026-03-20 11:00:00,2026-03-20,20260320110000000,000963,5,35.4,35.43,35.35,35.36,60700,2148217.0
2026-03-20 11:05:00,2026-03-20,20260320110500000,000963,5,35.36,35.39,35.33,35.33,90000,3181760.0
2026-03-20 11:10:00,2026-03-20,20260320111000000,000963,5,35.35,35.44,35.35,35.4,62500,2211540.0
2026-03-20 11:15:00,2026-03-20,20260320111500000,000963,5,35.44,35.47,35.4,35.46,44500,1576890.0
2026-03-20 11:20:00,2026-03-20,20260320112000000,000963,5,35.45,35.55,35.45,35.54,106800,3791562.0
2026-03-20 11:25:00,2026-03-20,20260320112500000,000963,5,35.55,35.55,35.47,35.49,64100,2275716.0
2026-03-20 11:30:00,2026-03-20,20260320113000000,000963,5,35.49,35.51,35.46,35.47,39100,1387277.0
2026-03-20 13:05:00,2026-03-20,20260320130500000,000963,5,35.47,35.53,35.42,35.46,125400,4448790.0
2026-03-20 13:10:00,2026-03-20,20260320131000000,000963,5,35.46,35.47,35.41,35.43,61000,2161024.0
2026-03-20 13:15:00,2026-03-20,20260320131500000,000963,5,35.42,35.42,35.33,35.35,166400,5881680.0
2026-03-20 13:20:00,2026-03-20,20260320132000000,000963,5,35.35,35.37,35.3,35.32,134000,4733571.0
2026-03-20 13:25:00,2026-03-20,20260320132500000,000963,5,35.32,35.33,35.27,35.27,133000,4694125.0
2026-03-20 13:30:00,2026-03-20,20260320133000000,000963,5,35.27,35.33,35.27,35.31,60500,2135221.0
2026-03-20 13:35:00,2026-03-20,20260320133500000,000963,5,35.33,35.33,35.28,35.33,59700,2107592.0
2026-03-20 13:40:00,2026-03-20,20260320134000000,000963,5,35.33,35.33,35.3,35.32,37600,1327783.0
2026-03-20 13:45:00,2026-03-20,20260320134500000,000963,5,35.32,35.32,35.29,35.31,55700,1966244.0
2026-03-20 13:50:00,2026-03-20,20260320135000000,000963,5,35.31,35.32,35.28,35.31,63700,2248483.0
2026-03-20 13:55:00,2026-03-20,20260320135500000,000963,5,35.31,35.31,35.18,35.18,354500,12493103.0
2026-03-20 14:00:00,2026-03-20,20260320140000000,000963,5,35.18,35.22,35.17,35.18,118900,4183846.0
2026-03-20 14:05:00,2026-03-20,20260320140500000,000963,5,35.18,35.27,35.18,35.25,111200,3916044.0
2026-03-20 14:10:00,2026-03-20,20260320141000000,000963,5,35.24,35.3,35.22,35.23,106100,3740422.0
2026-03-20 14:15:00,2026-03-20,20260320141500000,000963,5,35.23,35.23,35.17,35.19,131200,4617603.0
2026-03-20 14:20:00,2026-03-20,20260320142000000,000963,5,35.18,35.22,35.16,35.18,86700,3050814.0
2026-03-20 14:25:00,2026-03-20,20260320142500000,000963,5,35.18,35.19,35.14,35.14,195900,6886757.0
2026-03-20 14:30:00,2026-03-20,20260320143000000,000963,5,35.14,35.15,35.09,35.1,118100,4147343.0
2026-03-20 14:35:00,2026-03-20,20260320143500000,000963,5,35.1,35.15,35.07,35.1,208800,7329107.0
2026-03-20 14:40:00,2026-03-20,20260320144000000,000963,5,35.08,35.11,35.06,35.08,167911,5889850.66
2026-03-20 14:45:00,2026-03-20,20260320144500000,000963,5,35.07,35.07,34.95,34.95,387489,13567955.34
2026-03-20 14:50:00,2026-03-20,20260320145000000,000963,5,34.95,35.0,34.9,34.91,362900,12684295.0
2026-03-20 14:55:00,2026-03-20,20260320145500000,000963,5,34.92,34.94,34.85,34.88,761664,26579285.57
2026-03-20 15:00:00,2026-03-20,20260320150000000,000963,5,34.87,34.97,34.85,34.97,322011,11248713.35
2026-03-23 09:35:00,2026-03-23,20260323093500000,000963,5,34.55,34.55,34.12,34.12,1041200,35734341.0
2026-03-23 09:40:00,2026-03-23,20260323094000000,000963,5,34.12,34.25,34.06,34.16,585000,19959765.0
2026-03-23 09:45:00,2026-03-23,20260323094500000,000963,5,34.17,34.25,34.04,34.15,432300,14754144.0
2026-03-23 09:50:00,2026-03-23,20260323095000000,000963,5,34.15,34.38,34.12,34.36,297800,10214705.0
2026-03-23 09:55:00,2026-03-23,20260323095500000,000963,5,34.35,34.36,34.14,34.2,331600,11354187.0
2026-03-23 10:00:00,2026-03-23,20260323100000000,000963,5,34.21,34.29,34.16,34.24,287700,9837080.0
2026-03-23 10:05:00,2026-03-23,20260323100500000,000963,5,34.24,34.26,34.12,34.23,226300,7737559.0
2026-03-23 10:10:00,2026-03-23,20260323101000000,000963,5,34.24,34.32,34.18,34.18,219500,7520676.0
2026-03-23 10:15:00,2026-03-23,20260323101500000,000963,5,34.18,34.19,34.12,34.12,381600,13028577.0
2026-03-23 10:20:00,2026-03-23,20260323102000000,000963,5,34.13,34.13,34.03,34.07,525300,17897690.0
2026-03-23 10:25:00,2026-03-23,20260323102500000,000963,5,34.09,34.1,34.0,34.1,496900,16909061.0
2026-03-23 10:30:00,2026-03-23,20260323103000000,000963,5,34.11,34.11,33.97,33.97,222300,7562210.0
2026-03-23 10:35:00,2026-03-23,20260323103500000,000963,5,33.97,33.97,33.9,33.93,246800,8373414.0
2026-03-23 10:40:00,2026-03-23,20260323104000000,000963,5,33.93,33.96,33.9,33.94,224800,7626072.0
2026-03-23 10:45:00,2026-03-23,20260323104500000,000963,5,33.94,33.99,33.92,33.93,97800,3319252.0
2026-03-23 10:50:00,2026-03-23,20260323105000000,000963,5,33.94,33.97,33.91,33.96,78700,2670950.0
2026-03-23 10:55:00,2026-03-23,20260323105500000,000963,5,33.95,33.99,33.89,33.91,150200,5095487.0
2026-03-23 11:00:00,2026-03-23,20260323110000000,000963,5,33.91,34.01,33.89,34.0,126700,4302380.0
2026-03-23 11:05:00,2026-03-23,20260323110500000,000963,5,33.99,34.01,33.98,33.98,82000,2787456.0
2026-03-23 11:10:00,2026-03-23,20260323111000000,000963,5,33.98,34.0,33.9,33.91,129900,4406885.0
2026-03-23 11:15:00,2026-03-23,20260323111500000,000963,5,33.92,33.95,33.86,33.87,126500,4287306.0
2026-03-23 11:20:00,2026-03-23,20260323112000000,000963,5,33.87,33.9,33.86,33.87,101600,3441892.0
2026-03-23 11:25:00,2026-03-23,20260323112500000,000963,5,33.87,33.89,33.82,33.82,120800,4089481.0
2026-03-23 11:30:00,2026-03-23,20260323113000000,000963,5,33.82,33.85,33.82,33.85,87420,2958571.6
2026-03-23 13:05:00,2026-03-23,20260323130500000,000963,5,33.83,33.95,33.8,33.93,329800,11161505.2
2026-03-23 13:10:00,2026-03-23,20260323131000000,000963,5,33.91,33.96,33.79,33.79,125700,4258833.0
2026-03-23 13:15:00,2026-03-23,20260323131500000,000963,5,33.79,33.86,33.73,33.82,205060,6923047.6
2026-03-23 13:20:00,2026-03-23,20260323132000000,000963,5,33.82,33.82,33.68,33.69,230600,7775940.0
2026-03-23 13:25:00,2026-03-23,20260323132500000,000963,5,33.69,33.69,33.63,33.65,149100,5019075.0
2026-03-23 13:30:00,2026-03-23,20260323133000000,000963,5,33.67,33.67,33.57,33.59,202300,6800335.0
2026-03-23 13:35:00,2026-03-23,20260323133500000,000963,5,33.57,33.69,33.54,33.68,277140,9305265.2
2026-03-23 13:40:00,2026-03-23,20260323134000000,000963,5,33.68,33.76,33.65,33.76,121800,4106644.0
2026-03-23 13:45:00,2026-03-23,20260323134500000,000963,5,33.74,33.76,33.64,33.64,119600,4030345.0
2026-03-23 13:50:00,2026-03-23,20260323135000000,000963,5,33.68,33.79,33.61,33.66,171400,5773843.0
2026-03-23 13:55:00,2026-03-23,20260323135500000,000963,5,33.66,33.76,33.62,33.67,167100,5626383.0
2026-03-23 14:00:00,2026-03-23,20260323140000000,000963,5,33.73,33.78,33.67,33.69,174900,5898410.0
2026-03-23 14:05:00,2026-03-23,20260323140500000,000963,5,33.65,33.68,33.5,33.51,343000,11511534.0
2026-03-23 14:10:00,2026-03-23,20260323141000000,000963,5,33.51,33.52,33.44,33.52,290100,9714314.0
2026-03-23 14:15:00,2026-03-23,20260323141500000,000963,5,33.55,33.55,33.44,33.45,208800,6994813.0
2026-03-23 14:20:00,2026-03-23,20260323142000000,000963,5,33.45,33.55,33.36,33.47,364100,12171145.0
2026-03-23 14:25:00,2026-03-23,20260323142500000,000963,5,33.46,33.5,33.29,33.5,562000,18750769.0
2026-03-23 14:30:00,2026-03-23,20260323143000000,000963,5,33.48,33.62,33.45,33.54,419000,14069281.0
2026-03-23 14:35:00,2026-03-23,20260323143500000,000963,5,33.54,33.54,33.4,33.42,173900,5817235.0
2026-03-23 14:40:00,2026-03-23,20260323144000000,000963,5,33.41,33.45,33.4,33.43,192500,6432759.0
2026-03-23 14:45:00,2026-03-23,20260323144500000,000963,5,33.43,33.5,33.38,33.38,220000,7352993.0
2026-03-23 14:50:00,2026-03-23,20260323145000000,000963,5,33.38,33.45,33.34,33.42,248600,8299714.0
2026-03-23 14:55:00,2026-03-23,20260323145500000,000963,5,33.45,33.57,33.45,33.48,216400,7246412.0
2026-03-23 15:00:00,2026-03-23,20260323150000000,000963,5,33.48,33.58,33.48,33.56,236700,7936816.0
2026-03-24 09:35:00,2026-03-24,20260324093500000,000963,5,33.93,34.02,33.85,34.0,785300,26663779.02
2026-03-24 09:40:00,2026-03-24,20260324094000000,000963,5,34.01,34.04,33.92,34.04,431900,14675711.0
2026-03-24 09:45:00,2026-03-24,20260324094500000,000963,5,34.04,34.2,33.93,33.95,556300,18976717.0
2026-03-24 09:50:00,2026-03-24,20260324095000000,000963,5,33.97,33.98,33.81,33.9,265200,8990240.0
2026-03-24 09:55:00,2026-03-24,20260324095500000,000963,5,33.89,34.05,33.84,33.96,189700,6441836.0
2026-03-24 10:00:00,2026-03-24,20260324100000000,000963,5,33.96,34.01,33.89,33.97,142000,4820092.0
2026-03-24 10:05:00,2026-03-24,20260324100500000,000963,5,33.97,34.06,33.88,34.0,266900,9065154.0
2026-03-24 10:10:00,2026-03-24,20260324101000000,000963,5,34.0,34.06,33.97,34.04,134700,4581768.0
2026-03-24 10:15:00,2026-03-24,20260324101500000,000963,5,34.03,34.08,33.94,34.0,217800,7406508.0
2026-03-24 10:20:00,2026-03-24,20260324102000000,000963,5,34.0,34.0,33.85,33.86,177100,6000977.0
2026-03-24 10:25:00,2026-03-24,20260324102500000,000963,5,33.87,33.98,33.86,33.94,105800,3589928.0
2026-03-24 10:30:00,2026-03-24,20260324103000000,000963,5,33.94,33.95,33.84,33.88,88800,3009624.0
2026-03-24 10:35:00,2026-03-24,20260324103500000,000963,5,33.89,33.92,33.84,33.89,94400,3198114.0
2026-03-24 10:40:00,2026-03-24,20260324104000000,000963,5,33.89,33.92,33.81,33.81,120100,4065180.0
2026-03-24 10:45:00,2026-03-24,20260324104500000,000963,5,33.79,33.85,33.7,33.82,160300,5415010.0
2026-03-24 10:50:00,2026-03-24,20260324105000000,000963,5,33.85,33.85,33.76,33.76,142800,4827243.0
2026-03-24 10:55:00,2026-03-24,20260324105500000,000963,5,33.76,33.77,33.71,33.73,156000,5263999.0
2026-03-24 11:00:00,2026-03-24,20260324110000000,000963,5,33.73,33.76,33.68,33.71,117000,3944073.0
2026-03-24 11:05:00,2026-03-24,20260324110500000,000963,5,33.72,33.73,33.63,33.64,155110,5224487.1
2026-03-24 11:10:00,2026-03-24,20260324111000000,000963,5,33.64,33.68,33.61,33.61,185200,6230575.0
2026-03-24 11:15:00,2026-03-24,20260324111500000,000963,5,33.61,33.67,33.58,33.66,182800,6146220.0
2026-03-24 11:20:00,2026-03-24,20260324112000000,000963,5,33.66,33.71,33.64,33.65,70600,2377146.0
2026-03-24 11:25:00,2026-03-24,20260324112500000,000963,5,33.65,33.7,33.64,33.68,63200,2127582.0
2026-03-24 11:30:00,2026-03-24,20260324113000000,000963,5,33.68,33.71,33.64,33.68,60400,2033513.0
2026-03-24 13:05:00,2026-03-24,20260324130500000,000963,5,33.68,33.84,33.65,33.71,195700,6604691.0
2026-03-24 13:10:00,2026-03-24,20260324131000000,000963,5,33.72,33.72,33.58,33.65,123300,4147998.0
2026-03-24 13:15:00,2026-03-24,20260324131500000,000963,5,33.64,33.77,33.64,33.75,105600,3559397.0
2026-03-24 13:20:00,2026-03-24,20260324132000000,000963,5,33.75,33.79,33.71,33.74,119400,4030402.0
2026-03-24 13:25:00,2026-03-24,20260324132500000,000963,5,33.74,33.8,33.71,33.8,101500,3427869.0
2026-03-24 13:30:00,2026-03-24,20260324133000000,000963,5,33.81,33.82,33.68,33.68,101400,3422097.0
2026-03-24 13:35:00,2026-03-24,20260324133500000,000963,5,33.66,33.69,33.6,33.63,173000,5818854.0
2026-03-24 13:40:00,2026-03-24,20260324134000000,000963,5,33.63,33.65,33.56,33.63,141400,4750215.0
2026-03-24 13:45:00,2026-03-24,20260324134500000,000963,5,33.63,33.63,33.52,33.56,178400,5988284.0
2026-03-24 13:50:00,2026-03-24,20260324135000000,000963,5,33.55,33.6,33.55,33.57,49500,1661725.0
2026-03-24 13:55:00,2026-03-24,20260324135500000,000963,5,33.56,33.58,33.54,33.56,81800,2745013.0
2026-03-24 14:00:00,2026-03-24,20260324140000000,000963,5,33.54,33.58,33.52,33.56,87520,2936090.4
2026-03-24 14:05:00,2026-03-24,20260324140500000,000963,5,33.55,33.64,33.55,33.6,88200,2962221.0
2026-03-24 14:10:00,2026-03-24,20260324141000000,000963,5,33.6,33.68,33.59,33.67,90900,3056307.0
2026-03-24 14:15:00,2026-03-24,20260324141500000,000963,5,33.68,33.69,33.62,33.69,121900,4102553.0
2026-03-24 14:20:00,2026-03-24,20260324142000000,000963,5,33.69,33.78,33.69,33.76,149600,5045422.0
2026-03-24 14:25:00,2026-03-24,20260324142500000,000963,5,33.76,33.82,33.74,33.78,135400,4574497.0
2026-03-24 14:30:00,2026-03-24,20260324143000000,000963,5,33.75,33.79,33.71,33.77,172800,5831795.0
2026-03-24 14:35:00,2026-03-24,20260324143500000,000963,5,33.77,33.87,33.76,33.84,184800,6250596.0
2026-03-24 14:40:00,2026-03-24,20260324144000000,000963,5,33.85,33.86,33.79,33.81,122200,4134524.0
2026-03-24 14:45:00,2026-03-24,20260324144500000,000963,5,33.81,33.85,33.79,33.83,266100,8999905.0
2026-03-24 14:50:00,2026-03-24,20260324145000000,000963,5,33.82,33.84,33.75,33.8,468100,15816302.0
2026-03-24 14:55:00,2026-03-24,20260324145500000,000963,5,33.8,33.83,33.78,33.79,255000,8619465.0
2026-03-24 15:00:00,2026-03-24,20260324150000000,000963,5,33.79,33.89,33.78,33.87,254260,8608242.4
2026-03-25 09:35:00,2026-03-25,20260325093500000,000963,5,33.87,34.07,33.87,34.07,458700,15582096.0
2026-03-25 09:40:00,2026-03-25,20260325094000000,000963,5,34.09,34.09,33.92,33.95,253200,8608515.0
2026-03-25 09:45:00,2026-03-25,20260325094500000,000963,5,33.96,34.1,33.95,34.06,387337,13183288.89
2026-03-25 09:50:00,2026-03-25,20260325095000000,000963,5,34.08,34.09,34.02,34.06,156600,5331389.0
2026-03-25 09:55:00,2026-03-25,20260325095500000,000963,5,34.06,34.14,34.05,34.12,152900,5213607.0
2026-03-25 10:00:00,2026-03-25,20260325100000000,000963,5,34.13,34.14,34.07,34.09,118800,4052127.0
2026-03-25 10:05:00,2026-03-25,20260325100500000,000963,5,34.08,34.08,33.98,34.02,219000,7449894.0
2026-03-25 10:10:00,2026-03-25,20260325101000000,000963,5,34.02,34.19,34.01,34.18,212300,7245819.0
2026-03-25 10:15:00,2026-03-25,20260325101500000,000963,5,34.17,34.17,34.07,34.13,92800,3165629.0
2026-03-25 10:20:00,2026-03-25,20260325102000000,000963,5,34.13,34.25,34.11,34.2,216100,7386882.0
2026-03-25 10:25:00,2026-03-25,20260325102500000,000963,5,34.2,34.24,34.13,34.15,216800,7410667.0
2026-03-25 10:30:00,2026-03-25,20260325103000000,000963,5,34.15,34.16,34.12,34.15,75000,2560183.0
2026-03-25 10:35:00,2026-03-25,20260325103500000,000963,5,34.15,34.22,34.12,34.2,102600,3504351.0
2026-03-25 10:40:00,2026-03-25,20260325104000000,000963,5,34.2,34.2,34.13,34.16,59100,2018479.0
2026-03-25 10:45:00,2026-03-25,20260325104500000,000963,5,34.16,34.23,34.16,34.22,95200,3257119.0
2026-03-25 10:50:00,2026-03-25,20260325105000000,000963,5,34.21,34.23,34.16,34.17,76500,2616865.0
2026-03-25 10:55:00,2026-03-25,20260325105500000,000963,5,34.16,34.23,34.15,34.23,57900,1980672.0
2026-03-25 11:00:00,2026-03-25,20260325110000000,000963,5,34.21,34.22,34.18,34.21,86500,2958760.0
2026-03-25 11:05:00,2026-03-25,20260325110500000,000963,5,34.21,34.22,34.17,34.18,64700,2212619.0
2026-03-25 11:10:00,2026-03-25,20260325111000000,000963,5,34.18,34.2,34.13,34.16,95700,3269059.0
2026-03-25 11:15:00,2026-03-25,20260325111500000,000963,5,34.13,34.16,34.12,34.15,35000,1194895.0
2026-03-25 11:20:00,2026-03-25,20260325112000000,000963,5,34.15,34.17,34.12,34.14,62400,2131358.0
2026-03-25 11:25:00,2026-03-25,20260325112500000,000963,5,34.14,34.15,34.13,34.14,26700,911549.0
2026-03-25 11:30:00,2026-03-25,20260325113000000,000963,5,34.14,34.15,34.12,34.12,30300,1034160.0
2026-03-25 13:05:00,2026-03-25,20260325130500000,000963,5,34.13,34.13,34.02,34.05,120000,4090082.0
2026-03-25 13:10:00,2026-03-25,20260325131000000,000963,5,34.05,34.12,34.05,34.1,52700,1795943.0
2026-03-25 13:15:00,2026-03-25,20260325131500000,000963,5,34.1,34.12,34.07,34.11,80400,2741864.0
2026-03-25 13:20:00,2026-03-25,20260325132000000,000963,5,34.11,34.12,34.07,34.09,58600,1997925.0
2026-03-25 13:25:00,2026-03-25,20260325132500000,000963,5,34.08,34.11,34.08,34.11,49200,1677515.0
2026-03-25 13:30:00,2026-03-25,20260325133000000,000963,5,34.1,34.12,34.04,34.1,94600,3222998.0
2026-03-25 13:35:00,2026-03-25,20260325133500000,000963,5,34.1,34.14,34.1,34.14,62900,2146603.0
2026-03-25 13:40:00,2026-03-25,20260325134000000,000963,5,34.14,34.17,34.13,34.16,51700,1765585.0
2026-03-25 13:45:00,2026-03-25,20260325134500000,000963,5,34.16,34.22,34.15,34.2,90200,3083994.0
2026-03-25 13:50:00,2026-03-25,20260325135000000,000963,5,34.2,34.21,34.16,34.16,58800,2010058.0
2026-03-25 13:55:00,2026-03-25,20260325135500000,000963,5,34.16,34.17,34.11,34.11,86400,2948600.0
2026-03-25 14:00:00,2026-03-25,20260325140000000,000963,5,34.11,34.13,34.09,34.11,163500,5576745.0
2026-03-25 14:05:00,2026-03-25,20260325140500000,000963,5,34.12,34.13,34.08,34.08,42900,1462990.0
2026-03-25 14:10:00,2026-03-25,20260325141000000,000963,5,34.09,34.1,34.07,34.08,45800,1561038.0
2026-03-25 14:15:00,2026-03-25,20260325141500000,000963,5,34.09,34.1,34.05,34.06,120600,4109972.0
2026-03-25 14:20:00,2026-03-25,20260325142000000,000963,5,34.06,34.1,34.04,34.09,58840,2004751.0
2026-03-25 14:25:00,2026-03-25,20260325142500000,000963,5,34.07,34.09,34.06,34.06,53800,1833137.0
2026-03-25 14:30:00,2026-03-25,20260325143000000,000963,5,34.06,34.08,34.05,34.06,96200,3276182.0
2026-03-25 14:35:00,2026-03-25,20260325143500000,000963,5,34.05,34.08,34.04,34.05,52000,1770963.0
2026-03-25 14:40:00,2026-03-25,20260325144000000,000963,5,34.07,34.09,34.06,34.07,99400,3386963.0
2026-03-25 14:45:00,2026-03-25,20260325144500000,000963,5,34.08,34.14,34.07,34.11,136200,4643926.0
2026-03-25 14:50:00,2026-03-25,20260325145000000,000963,5,34.11,34.16,34.1,34.16,99800,3406642.0
2026-03-25 14:55:00,2026-03-25,20260325145500000,000963,5,34.15,34.17,34.12,34.15,236100,8062153.0
2026-03-25 15:00:00,2026-03-25,20260325150000000,000963,5,34.14,34.17,34.12,34.16,170600,5826545.0
2026-03-26 09:35:00,2026-03-26,20260326093500000,000963,5,34.08,34.49,34.03,34.41,800600,27459756.26
2026-03-26 09:40:00,2026-03-26,20260326094000000,000963,5,34.44,34.55,34.41,34.51,599737,20688697.05
2026-03-26 09:45:00,2026-03-26,20260326094500000,000963,5,34.51,34.66,34.47,34.62,473643,16373965.06
2026-03-26 09:50:00,2026-03-26,20260326095000000,000963,5,34.65,34.7,34.37,34.37,382300,13201464.04
2026-03-26 09:55:00,2026-03-26,20260326095500000,000963,5,34.37,34.37,34.24,34.24,234600,8047422.0
2026-03-26 10:00:00,2026-03-26,20260326100000000,000963,5,34.24,34.28,34.18,34.2,286700,9806220.0
2026-03-26 10:05:00,2026-03-26,20260326100500000,000963,5,34.2,34.2,34.09,34.13,246900,8430791.0
2026-03-26 10:10:00,2026-03-26,20260326101000000,000963,5,34.13,34.13,34.01,34.02,255100,8689196.0
2026-03-26 10:15:00,2026-03-26,20260326101500000,000963,5,34.02,34.13,34.02,34.1,72500,2471816.0
2026-03-26 10:20:00,2026-03-26,20260326102000000,000963,5,34.1,34.12,34.04,34.04,89200,3038823.0
2026-03-26 10:25:00,2026-03-26,20260326102500000,000963,5,34.05,34.1,34.03,34.05,107600,3663891.0
2026-03-26 10:30:00,2026-03-26,20260326103000000,000963,5,34.03,34.12,34.03,34.09,129100,4396911.0
2026-03-26 10:35:00,2026-03-26,20260326103500000,000963,5,34.11,34.17,34.09,34.12,80600,2752169.0
2026-03-26 10:40:00,2026-03-26,20260326104000000,000963,5,34.12,34.17,34.1,34.1,56600,1932356.0
2026-03-26 10:45:00,2026-03-26,20260326104500000,000963,5,34.1,34.1,34.07,34.09,26000,886254.0
2026-03-26 10:50:00,2026-03-26,20260326105000000,000963,5,34.08,34.1,34.04,34.05,59200,2016246.0
2026-03-26 10:55:00,2026-03-26,20260326105500000,000963,5,34.05,34.05,33.97,34.0,379452,12905995.44
2026-03-26 11:00:00,2026-03-26,20260326110000000,000963,5,34.0,34.0,33.97,33.98,52800,1794038.0
2026-03-26 11:05:00,2026-03-26,20260326110500000,000963,5,33.98,33.99,33.92,33.92,137400,4666661.0
2026-03-26 11:10:00,2026-03-26,20260326111000000,000963,5,33.92,33.93,33.9,33.91,95200,3228177.0
2026-03-26 11:15:00,2026-03-26,20260326111500000,000963,5,33.9,33.93,33.9,33.93,31500,1068371.0
2026-03-26 11:20:00,2026-03-26,20260326112000000,000963,5,33.93,33.95,33.88,33.89,59500,2017381.0
2026-03-26 11:25:00,2026-03-26,20260326112500000,000963,5,33.89,33.9,33.88,33.89,30300,1026985.0
2026-03-26 11:30:00,2026-03-26,20260326113000000,000963,5,33.9,33.93,33.89,33.9,41588,1409924.32
2026-03-26 13:05:00,2026-03-26,20260326130500000,000963,5,33.9,33.91,33.83,33.85,139812,4736255.04
2026-03-26 13:10:00,2026-03-26,20260326131000000,000963,5,33.85,33.85,33.76,33.76,212800,7193113.0
2026-03-26 13:15:00,2026-03-26,20260326131500000,000963,5,33.77,33.77,33.7,33.71,118500,3997664.0
2026-03-26 13:20:00,2026-03-26,20260326132000000,000963,5,33.72,33.74,33.68,33.71,132700,4471941.0
2026-03-26 13:25:00,2026-03-26,20260326132500000,000963,5,33.71,33.71,33.64,33.67,83800,2821343.0
2026-03-26 13:30:00,2026-03-26,20260326133000000,000963,5,33.67,33.68,33.63,33.68,60700,2043156.0
2026-03-26 13:35:00,2026-03-26,20260326133500000,000963,5,33.68,33.7,33.62,33.66,74700,2513959.0
2026-03-26 13:40:00,2026-03-26,20260326134000000,000963,5,33.66,33.7,33.66,33.69,52900,1781699.0
2026-03-26 13:45:00,2026-03-26,20260326134500000,000963,5,33.69,33.73,33.68,33.68,59700,2012485.0
2026-03-26 13:50:00,2026-03-26,20260326135000000,000963,5,33.67,33.68,33.65,33.67,51000,1716734.0
2026-03-26 13:55:00,2026-03-26,20260326135500000,000963,5,33.67,33.72,33.64,33.67,116200,3912613.0
2026-03-26 14:00:00,2026-03-26,20260326140000000,000963,5,33.68,33.68,33.61,33.63,113100,3804686.0
2026-03-26 14:05:00,2026-03-26,20260326140500000,000963,5,33.62,33.63,33.56,33.61,153200,5147593.0
2026-03-26 14:10:00,2026-03-26,20260326141000000,000963,5,33.6,33.61,33.51,33.53,247600,8308843.0
2026-03-26 14:15:00,2026-03-26,20260326141500000,000963,5,33.52,33.55,33.46,33.5,257100,8611340.0
2026-03-26 14:20:00,2026-03-26,20260326142000000,000963,5,33.5,33.53,33.45,33.48,120000,4017504.0
2026-03-26 14:25:00,2026-03-26,20260326142500000,000963,5,33.47,33.49,33.45,33.47,122300,4093093.0
2026-03-26 14:30:00,2026-03-26,20260326143000000,000963,5,33.47,33.49,33.46,33.48,90300,3022355.0
2026-03-26 14:35:00,2026-03-26,20260326143500000,000963,5,33.48,33.52,33.45,33.48,118600,3969697.0
2026-03-26 14:40:00,2026-03-26,20260326144000000,000963,5,33.46,33.49,33.44,33.44,179700,6012526.21
2026-03-26 14:45:00,2026-03-26,20260326144500000,000963,5,33.44,33.49,33.43,33.47,147759,4944808.74
2026-03-26 14:50:00,2026-03-26,20260326145000000,000963,5,33.44,33.48,33.42,33.47,114829,3839963.38
2026-03-26 14:55:00,2026-03-26,20260326145500000,000963,5,33.47,33.52,33.47,33.52,126400,4233200.0
2026-03-26 15:00:00,2026-03-26,20260326150000000,000963,5,33.51,33.55,33.5,33.5,131120,4393614.0
2026-03-27 09:35:00,2026-03-27,20260327093500000,000963,5,33.2,33.42,33.1,33.39,645200,21436841.0
2026-03-27 09:40:00,2026-03-27,20260327094000000,000963,5,33.4,33.65,33.4,33.65,255500,8557185.0
2026-03-27 09:45:00,2026-03-27,20260327094500000,000963,5,33.65,33.72,33.63,33.68,267500,9008571.0
2026-03-27 09:50:00,2026-03-27,20260327095000000,000963,5,33.7,33.98,33.7,33.75,510300,17270907.0
2026-03-27 09:55:00,2026-03-27,20260327095500000,000963,5,33.76,33.87,33.71,33.78,210300,7102211.0
2026-03-27 10:00:00,2026-03-27,20260327100000000,000963,5,33.78,34.03,33.75,34.03,413400,14032504.0
2026-03-27 10:05:00,2026-03-27,20260327100500000,000963,5,34.07,34.37,33.96,34.36,949300,32483301.0
2026-03-27 10:10:00,2026-03-27,20260327101000000,000963,5,34.37,34.58,34.37,34.56,1382700,47671678.0
2026-03-27 10:15:00,2026-03-27,20260327101500000,000963,5,34.53,34.55,34.45,34.53,400700,13828519.0
2026-03-27 10:20:00,2026-03-27,20260327102000000,000963,5,34.53,34.65,34.5,34.6,526300,18202241.0
2026-03-27 10:25:00,2026-03-27,20260327102500000,000963,5,34.6,34.6,34.38,34.39,450500,15543712.0
2026-03-27 10:30:00,2026-03-27,20260327103000000,000963,5,34.38,34.46,34.36,34.43,182600,6282138.0
2026-03-27 10:35:00,2026-03-27,20260327103500000,000963,5,34.43,34.74,34.39,34.74,649220,22473340.4
2026-03-27 10:40:00,2026-03-27,20260327104000000,000963,5,34.74,34.78,34.67,34.69,710300,24674654.6
2026-03-27 10:45:00,2026-03-27,20260327104500000,000963,5,34.7,34.71,34.58,34.6,328325,11377393.25
2026-03-27 10:50:00,2026-03-27,20260327105000000,000963,5,34.6,34.78,34.58,34.77,297900,10341239.0
2026-03-27 10:55:00,2026-03-27,20260327105500000,000963,5,34.77,34.91,34.72,34.86,819000,28505496.96
2026-03-27 11:00:00,2026-03-27,20260327110000000,000963,5,34.84,34.89,34.7,34.71,434900,15137432.0
2026-03-27 11:05:00,2026-03-27,20260327110500000,000963,5,34.72,34.78,34.67,34.74,181400,6300672.0
2026-03-27 11:10:00,2026-03-27,20260327111000000,000963,5,34.73,34.76,34.65,34.73,264500,9181190.0
2026-03-27 11:15:00,2026-03-27,20260327111500000,000963,5,34.72,34.89,34.71,34.82,215100,7483119.0
2026-03-27 11:20:00,2026-03-27,20260327112000000,000963,5,34.82,34.9,34.8,34.81,218900,7630337.0
2026-03-27 11:25:00,2026-03-27,20260327112500000,000963,5,34.81,34.83,34.73,34.74,103300,3592497.0
2026-03-27 11:30:00,2026-03-27,20260327113000000,000963,5,34.73,34.78,34.7,34.75,52700,1831051.0
2026-03-27 13:05:00,2026-03-27,20260327130500000,000963,5,34.75,35.07,34.7,35.0,823900,28782116.0
2026-03-27 13:10:00,2026-03-27,20260327131000000,000963,5,35.0,35.07,35.0,35.02,225000,7883657.0
2026-03-27 13:15:00,2026-03-27,20260327131500000,000963,5,35.02,35.02,34.91,35.0,147400,5154086.0
2026-03-27 13:20:00,2026-03-27,20260327132000000,000963,5,35.0,35.16,34.98,35.12,565100,19834824.0
2026-03-27 13:25:00,2026-03-27,20260327132500000,000963,5,35.12,35.17,35.04,35.05,282700,9930972.0
2026-03-27 13:30:00,2026-03-27,20260327133000000,000963,5,35.05,35.16,35.04,35.14,252800,8876506.0
2026-03-27 13:35:00,2026-03-27,20260327133500000,000963,5,35.14,35.18,35.13,35.16,316300,11123049.0
2026-03-27 13:40:00,2026-03-27,20260327134000000,000963,5,35.16,35.31,35.16,35.31,736100,25928253.0
2026-03-27 13:45:00,2026-03-27,20260327134500000,000963,5,35.31,35.32,35.27,35.28,356700,12591591.0
2026-03-27 13:50:00,2026-03-27,20260327135000000,000963,5,35.29,35.3,35.19,35.2,288400,10163815.0
2026-03-27 13:55:00,2026-03-27,20260327135500000,000963,5,35.19,35.3,35.18,35.26,425600,15008420.0
2026-03-27 14:00:00,2026-03-27,20260327140000000,000963,5,35.26,35.38,35.26,35.29,573400,20259814.0
2026-03-27 14:05:00,2026-03-27,20260327140500000,000963,5,35.28,35.48,35.28,35.47,602400,21310882.0
2026-03-27 14:10:00,2026-03-27,20260327141000000,000963,5,35.48,35.48,35.34,35.37,570000,20201111.0
2026-03-27 14:15:00,2026-03-27,20260327141500000,000963,5,35.36,35.48,35.36,35.44,437700,15512338.0
2026-03-27 14:20:00,2026-03-27,20260327142000000,000963,5,35.43,35.45,35.39,35.4,154084,5457863.28
2026-03-27 14:25:00,2026-03-27,20260327142500000,000963,5,35.4,35.47,35.4,35.45,174200,6173324.0
2026-03-27 14:30:00,2026-03-27,20260327143000000,000963,5,35.46,35.46,35.41,35.43,130200,4614213.0
2026-03-27 14:35:00,2026-03-27,20260327143500000,000963,5,35.42,35.52,35.42,35.5,433600,15384816.0
2026-03-27 14:40:00,2026-03-27,20260327144000000,000963,5,35.5,35.51,35.49,35.5,245500,8714756.0
2026-03-27 14:45:00,2026-03-27,20260327144500000,000963,5,35.5,35.51,35.48,35.48,220700,7832835.0
2026-03-27 14:50:00,2026-03-27,20260327145000000,000963,5,35.48,35.5,35.48,35.48,246539,8749898.72
2026-03-27 14:55:00,2026-03-27,20260327145500000,000963,5,35.49,35.5,35.48,35.48,402550,14285987.0
2026-03-27 15:00:00,2026-03-27,20260327150000000,000963,5,35.49,35.5,35.48,35.48,378181,13419632.88
2026-03-30 09:35:00,2026-03-30,20260330093500000,000963,5,35.31,35.66,35.22,35.5,1107000,39257968.0
2026-03-30 09:40:00,2026-03-30,20260330094000000,000963,5,35.53,35.79,35.44,35.78,780400,27806464.0
2026-03-30 09:45:00,2026-03-30,20260330094500000,000963,5,35.76,35.76,35.47,35.47,519200,18489240.0
2026-03-30 09:50:00,2026-03-30,20260330095000000,000963,5,35.49,35.6,35.46,35.48,376512,13370162.76
2026-03-30 09:55:00,2026-03-30,20260330095500000,000963,5,35.5,35.57,35.47,35.52,241188,8562452.12
2026-03-30 10:00:00,2026-03-30,20260330100000000,000963,5,35.52,35.77,35.52,35.72,596700,21265900.0
2026-03-30 10:05:00,2026-03-30,20260330100500000,000963,5,35.75,35.75,35.61,35.7,350900,12522495.0
2026-03-30 10:10:00,2026-03-30,20260330101000000,000963,5,35.7,35.75,35.56,35.74,268400,9568547.75
2026-03-30 10:15:00,2026-03-30,20260330101500000,000963,5,35.74,35.8,35.68,35.79,289700,10357129.0
2026-03-30 10:20:00,2026-03-30,20260330102000000,000963,5,35.79,35.84,35.66,35.66,435500,15581297.0
2026-03-30 10:25:00,2026-03-30,20260330102500000,000963,5,35.71,35.71,35.58,35.67,296300,10560406.0
2026-03-30 10:30:00,2026-03-30,20260330103000000,000963,5,35.67,35.68,35.53,35.54,249400,8876539.5
2026-03-30 10:35:00,2026-03-30,20260330103500000,000963,5,35.54,35.59,35.49,35.57,182900,6497073.75
2026-03-30 10:40:00,2026-03-30,20260330104000000,000963,5,35.58,35.61,35.42,35.48,286000,10150517.0
2026-03-30 10:45:00,2026-03-30,20260330104500000,000963,5,35.48,35.5,35.44,35.47,126900,4500824.0
2026-03-30 10:50:00,2026-03-30,20260330105000000,000963,5,35.47,35.6,35.45,35.57,172500,6124157.0
2026-03-30 10:55:00,2026-03-30,20260330105500000,000963,5,35.57,35.58,35.5,35.53,160600,5707020.0
2026-03-30 11:00:00,2026-03-30,20260330110000000,000963,5,35.52,35.53,35.46,35.49,97200,3450421.0
2026-03-30 11:05:00,2026-03-30,20260330110500000,000963,5,35.48,35.57,35.48,35.54,74800,2656324.0
2026-03-30 11:10:00,2026-03-30,20260330111000000,000963,5,35.54,35.62,35.54,35.57,74900,2664598.0
2026-03-30 11:15:00,2026-03-30,20260330111500000,000963,5,35.57,35.62,35.55,35.61,101600,3614014.0
2026-03-30 11:20:00,2026-03-30,20260330112000000,000963,5,35.61,35.62,35.54,35.54,67800,2411965.0
2026-03-30 11:25:00,2026-03-30,20260330112500000,000963,5,35.54,35.65,35.54,35.63,123900,4409900.0
2026-03-30 11:30:00,2026-03-30,20260330113000000,000963,5,35.65,35.65,35.6,35.6,69000,2457917.0
2026-03-30 13:05:00,2026-03-30,20260330130500000,000963,5,35.6,35.63,35.47,35.51,243600,8660724.0
2026-03-30 13:10:00,2026-03-30,20260330131000000,000963,5,35.51,35.51,35.45,35.49,82800,2937766.0
2026-03-30 13:15:00,2026-03-30,20260330131500000,000963,5,35.49,35.56,35.45,35.51,172100,6111741.0
2026-03-30 13:20:00,2026-03-30,20260330132000000,000963,5,35.51,35.59,35.51,35.55,72000,2559138.0
2026-03-30 13:25:00,2026-03-30,20260330132500000,000963,5,35.56,35.6,35.53,35.59,103200,3671098.0
2026-03-30 13:30:00,2026-03-30,20260330133000000,000963,5,35.59,35.59,35.5,35.5,71200,2529652.0
2026-03-30 13:35:00,2026-03-30,20260330133500000,000963,5,35.5,35.66,35.49,35.66,244100,8690192.0
2026-03-30 13:40:00,2026-03-30,20260330134000000,000963,5,35.65,35.7,35.59,35.65,146500,5223273.0
2026-03-30 13:45:00,2026-03-30,20260330134500000,000963,5,35.65,35.65,35.58,35.58,79300,2824370.0
2026-03-30 13:50:00,2026-03-30,20260330135000000,000963,5,35.59,35.67,35.53,35.67,174800,6222509.0
2026-03-30 13:55:00,2026-03-30,20260330135500000,000963,5,35.67,35.67,35.58,35.58,143300,5104990.0
2026-03-30 14:00:00,2026-03-30,20260330140000000,000963,5,35.58,35.59,35.53,35.54,55800,1983692.0
2026-03-30 14:05:00,2026-03-30,20260330140500000,000963,5,35.54,35.6,35.54,35.58,99200,3527877.0
2026-03-30 14:10:00,2026-03-30,20260330141000000,000963,5,35.58,35.6,35.53,35.54,118970,4229505.1
2026-03-30 14:15:00,2026-03-30,20260330141500000,000963,5,35.54,35.54,35.49,35.53,139130,4941654.9
2026-03-30 14:20:00,2026-03-30,20260330142000000,000963,5,35.52,35.57,35.52,35.57,75800,2694069.0
2026-03-30 14:25:00,2026-03-30,20260330142500000,000963,5,35.56,35.57,35.51,35.51,105300,3741933.0
2026-03-30 14:30:00,2026-03-30,20260330143000000,000963,5,35.51,35.55,35.5,35.51,76200,2706951.0
2026-03-30 14:35:00,2026-03-30,20260330143500000,000963,5,35.53,35.56,35.5,35.54,100600,3574964.0
2026-03-30 14:40:00,2026-03-30,20260330144000000,000963,5,35.55,35.56,35.51,35.52,143200,5088922.0
2026-03-30 14:45:00,2026-03-30,20260330144500000,000963,5,35.53,35.56,35.52,35.53,127000,4513346.38
2026-03-30 14:50:00,2026-03-30,20260330145000000,000963,5,35.53,35.56,35.53,35.56,92732,3296035.69
2026-03-30 14:55:00,2026-03-30,20260330145500000,000963,5,35.55,35.59,35.54,35.57,206264,7335126.97
2026-03-30 15:00:00,2026-03-30,20260330150000000,000963,5,35.58,35.61,35.56,35.57,276654,9842659.86
2026-03-31 09:35:00,2026-03-31,20260331093500000,000963,5,35.6,35.96,35.6,35.76,846000,30272988.0
2026-03-31 09:40:00,2026-03-31,20260331094000000,000963,5,35.76,35.86,35.73,35.8,530100,18983848.0
2026-03-31 09:45:00,2026-03-31,20260331094500000,000963,5,35.82,36.14,35.76,36.14,1098600,39561970.0
2026-03-31 09:50:00,2026-03-31,20260331095000000,000963,5,36.14,36.28,35.95,35.97,931400,33678650.0
2026-03-31 09:55:00,2026-03-31,20260331095500000,000963,5,35.95,35.97,35.88,35.88,442000,15875474.0
2026-03-31 10:00:00,2026-03-31,20260331100000000,000963,5,35.9,35.93,35.8,35.81,294000,10541224.0
2026-03-31 10:05:00,2026-03-31,20260331100500000,000963,5,35.8,35.92,35.8,35.84,229600,8228307.0
2026-03-31 10:10:00,2026-03-31,20260331101000000,000963,5,35.81,35.83,35.79,35.8,230400,8248591.0
2026-03-31 10:15:00,2026-03-31,20260331101500000,000963,5,35.8,35.85,35.74,35.82,133800,4786083.0
2026-03-31 10:20:00,2026-03-31,20260331102000000,000963,5,35.82,35.82,35.71,35.75,276600,9888673.0
2026-03-31 10:25:00,2026-03-31,20260331102500000,000963,5,35.73,35.79,35.72,35.73,302600,10818572.0
2026-03-31 10:30:00,2026-03-31,20260331103000000,000963,5,35.72,35.72,35.69,35.7,132500,4730902.0
2026-03-31 10:35:00,2026-03-31,20260331103500000,000963,5,35.72,35.72,35.62,35.64,196800,7017407.0
2026-03-31 10:40:00,2026-03-31,20260331104000000,000963,5,35.64,35.72,35.64,35.69,123100,4392095.0
2026-03-31 10:45:00,2026-03-31,20260331104500000,000963,5,35.69,35.72,35.66,35.68,159239,5681803.52
2026-03-31 10:50:00,2026-03-31,20260331105000000,000963,5,35.68,35.72,35.63,35.72,132300,4718933.0
2026-03-31 10:55:00,2026-03-31,20260331105500000,000963,5,35.72,35.73,35.67,35.73,98500,3516280.0
2026-03-31 11:00:00,2026-03-31,20260331110000000,000963,5,35.73,35.73,35.64,35.65,48600,1734464.0
2026-03-31 11:05:00,2026-03-31,20260331110500000,000963,5,35.64,35.67,35.6,35.61,150000,5343146.0
2026-03-31 11:10:00,2026-03-31,20260331111000000,000963,5,35.6,35.64,35.59,35.62,123200,4386457.0
2026-03-31 11:15:00,2026-03-31,20260331111500000,000963,5,35.62,35.64,35.54,35.57,92700,3300355.0
2026-03-31 11:20:00,2026-03-31,20260331112000000,000963,5,35.59,35.6,35.53,35.53,144383,5134191.82
2026-03-31 11:25:00,2026-03-31,20260331112500000,000963,5,35.53,35.57,35.49,35.49,178842,6352818.42
2026-03-31 11:30:00,2026-03-31,20260331113000000,000963,5,35.5,35.59,35.48,35.57,139401,4953442.47
2026-03-31 13:05:00,2026-03-31,20260331130500000,000963,5,35.56,35.64,35.54,35.64,164200,5845109.0
2026-03-31 13:10:00,2026-03-31,20260331131000000,000963,5,35.64,35.64,35.56,35.58,81500,2900151.0
2026-03-31 13:15:00,2026-03-31,20260331131500000,000963,5,35.57,35.57,35.46,35.47,118200,4195419.0
2026-03-31 13:20:00,2026-03-31,20260331132000000,000963,5,35.48,35.48,35.45,35.47,65900,2336911.0
2026-03-31 13:25:00,2026-03-31,20260331132500000,000963,5,35.46,35.56,35.45,35.55,48700,1728657.0
2026-03-31 13:30:00,2026-03-31,20260331133000000,000963,5,35.53,35.6,35.51,35.59,62600,2226798.0
2026-03-31 13:35:00,2026-03-31,20260331133500000,000963,5,35.57,35.64,35.56,35.59,82520,2937824.6
2026-03-31 13:40:00,2026-03-31,20260331134000000,000963,5,35.59,35.65,35.55,35.57,166000,5911827.0
2026-03-31 13:45:00,2026-03-31,20260331134500000,000963,5,35.56,35.58,35.54,35.56,119600,4251786.0
2026-03-31 13:50:00,2026-03-31,20260331135000000,000963,5,35.57,35.62,35.57,35.61,48000,1708933.0
2026-03-31 13:55:00,2026-03-31,20260331135500000,000963,5,35.61,35.62,35.59,35.6,43800,1559519.0
2026-03-31 14:00:00,2026-03-31,20260331140000000,000963,5,35.6,35.6,35.57,35.57,59600,2120532.0
2026-03-31 14:05:00,2026-03-31,20260331140500000,000963,5,35.56,35.56,35.5,35.52,51100,1815010.0
2026-03-31 14:10:00,2026-03-31,20260331141000000,000963,5,35.52,35.53,35.46,35.46,105500,3743500.0
2026-03-31 14:15:00,2026-03-31,20260331141500000,000963,5,35.45,35.45,35.39,35.39,114600,4058755.0
2026-03-31 14:20:00,2026-03-31,20260331142000000,000963,5,35.4,35.45,35.38,35.42,58800,2082005.0
2026-03-31 14:25:00,2026-03-31,20260331142500000,000963,5,35.43,35.44,35.35,35.38,116400,4118997.0
2026-03-31 14:30:00,2026-03-31,20260331143000000,000963,5,35.39,35.44,35.38,35.39,62800,2222900.0
2026-03-31 14:35:00,2026-03-31,20260331143500000,000963,5,35.39,35.45,35.37,35.42,112000,3964904.0
2026-03-31 14:40:00,2026-03-31,20260331144000000,000963,5,35.41,35.43,35.36,35.41,157600,5576417.0
2026-03-31 14:45:00,2026-03-31,20260331144500000,000963,5,35.39,35.41,35.34,35.36,109600,3875298.0
2026-03-31 14:50:00,2026-03-31,20260331145000000,000963,5,35.36,35.41,35.34,35.34,131903,4665538.1
2026-03-31 14:55:00,2026-03-31,20260331145500000,000963,5,35.36,35.38,35.32,35.36,159083,5623749.11
2026-03-31 15:00:00,2026-03-31,20260331150000000,000963,5,35.36,35.36,35.32,35.32,188885,6673418.28
2026-04-01 09:35:00,2026-04-01,20260401093500000,000963,5,35.8,35.97,35.63,35.65,847381,30315864.0
2026-04-01 09:40:00,2026-04-01,20260401094000000,000963,5,35.65,35.75,35.56,35.64,462400,16485734.0
2026-04-01 09:45:00,2026-04-01,20260401094500000,000963,5,35.62,35.62,35.51,35.58,272700,9693170.0
2026-04-01 09:50:00,2026-04-01,20260401095000000,000963,5,35.58,35.58,35.5,35.55,285100,10130247.0
2026-04-01 09:55:00,2026-04-01,20260401095500000,000963,5,35.52,35.55,35.36,35.41,320400,11346835.0
2026-04-01 10:00:00,2026-04-01,20260401100000000,000963,5,35.4,35.56,35.4,35.56,158100,5604764.0
2026-04-01 10:05:00,2026-04-01,20260401100500000,000963,5,35.53,35.98,35.51,35.98,721134,25828013.06
2026-04-01 10:10:00,2026-04-01,20260401101000000,000963,5,35.95,36.31,35.91,36.31,1350300,48744159.0
2026-04-01 10:15:00,2026-04-01,20260401101500000,000963,5,36.28,36.35,36.11,36.35,828100,30011670.0
2026-04-01 10:20:00,2026-04-01,20260401102000000,000963,5,36.34,36.4,36.24,36.38,1133300,41189055.0
2026-04-01 10:25:00,2026-04-01,20260401102500000,000963,5,36.38,36.39,36.28,36.34,481100,17488158.0
2026-04-01 10:30:00,2026-04-01,20260401103000000,000963,5,36.36,36.43,36.31,36.41,633400,23050188.0
2026-04-01 10:35:00,2026-04-01,20260401103500000,000963,5,36.43,36.48,36.37,36.44,497200,18111645.0
2026-04-01 10:40:00,2026-04-01,20260401104000000,000963,5,36.46,36.47,36.22,36.22,236700,8613157.0
2026-04-01 10:45:00,2026-04-01,20260401104500000,000963,5,36.22,36.31,36.17,36.25,273300,9897056.0
2026-04-01 10:50:00,2026-04-01,20260401105000000,000963,5,36.24,36.36,36.24,36.32,228200,8289126.0
2026-04-01 10:55:00,2026-04-01,20260401105500000,000963,5,36.34,36.36,36.3,36.33,211200,7672138.0
2026-04-01 11:00:00,2026-04-01,20260401110000000,000963,5,36.31,36.35,36.27,36.29,157600,5724150.0
2026-04-01 11:05:00,2026-04-01,20260401110500000,000963,5,36.29,36.3,36.12,36.13,452400,16374741.05
2026-04-01 11:10:00,2026-04-01,20260401111000000,000963,5,36.12,36.2,36.11,36.14,180900,6537590.0
2026-04-01 11:15:00,2026-04-01,20260401111500000,000963,5,36.15,36.17,36.1,36.13,120200,4342448.0
2026-04-01 11:20:00,2026-04-01,20260401112000000,000963,5,36.13,36.17,36.1,36.17,97000,3504116.0
2026-04-01 11:25:00,2026-04-01,20260401112500000,000963,5,36.17,36.22,36.16,36.17,130564,4725716.88
2026-04-01 11:30:00,2026-04-01,20260401113000000,000963,5,36.2,36.25,36.18,36.22,107760,3901491.0
2026-04-01 13:05:00,2026-04-01,20260401130500000,000963,5,36.25,36.28,36.1,36.15,427036,15454001.12
2026-04-01 13:10:00,2026-04-01,20260401131000000,000963,5,36.15,36.34,36.15,36.3,285300,10339699.0
2026-04-01 13:15:00,2026-04-01,20260401131500000,000963,5,36.3,36.3,36.2,36.27,171200,6207299.0
2026-04-01 13:20:00,2026-04-01,20260401132000000,000963,5,36.26,36.28,36.21,36.23,175800,6371733.0
2026-04-01 13:25:00,2026-04-01,20260401132500000,000963,5,36.23,36.24,36.16,36.17,151400,5479788.64
2026-04-01 13:30:00,2026-04-01,20260401133000000,000963,5,36.17,36.19,36.13,36.14,168200,6082604.0
2026-04-01 13:35:00,2026-04-01,20260401133500000,000963,5,36.14,36.19,36.12,36.13,250700,9065242.0
2026-04-01 13:40:00,2026-04-01,20260401134000000,000963,5,36.13,36.14,36.02,36.07,250400,9029063.0
2026-04-01 13:45:00,2026-04-01,20260401134500000,000963,5,36.07,36.09,36.05,36.08,103200,3722657.0
2026-04-01 13:50:00,2026-04-01,20260401135000000,000963,5,36.07,36.08,35.99,36.01,263200,9481765.0
2026-04-01 13:55:00,2026-04-01,20260401135500000,000963,5,36.01,36.03,35.96,36.0,159200,5730574.0
2026-04-01 14:00:00,2026-04-01,20260401140000000,000963,5,36.0,36.01,35.86,35.88,206300,7411684.0
2026-04-01 14:05:00,2026-04-01,20260401140500000,000963,5,35.88,36.04,35.87,36.04,189100,6802170.0
2026-04-01 14:10:00,2026-04-01,20260401141000000,000963,5,36.04,36.09,36.04,36.05,149117,5377261.68
2026-04-01 14:15:00,2026-04-01,20260401141500000,000963,5,36.05,36.09,36.05,36.08,107500,3877248.0
2026-04-01 14:20:00,2026-04-01,20260401142000000,000963,5,36.08,36.14,36.07,36.09,199500,7201886.0
2026-04-01 14:25:00,2026-04-01,20260401142500000,000963,5,36.09,36.14,36.09,36.1,138995,5019817.55
2026-04-01 14:30:00,2026-04-01,20260401143000000,000963,5,36.1,36.24,36.1,36.22,459460,16626440.22
2026-04-01 14:35:00,2026-04-01,20260401143500000,000963,5,36.22,36.25,36.2,36.24,370700,13429637.4
2026-04-01 14:40:00,2026-04-01,20260401144000000,000963,5,36.24,36.27,36.15,36.27,470500,17046538.53
2026-04-01 14:45:00,2026-04-01,20260401144500000,000963,5,36.26,36.33,36.25,36.27,502000,18213473.39
2026-04-01 14:50:00,2026-04-01,20260401145000000,000963,5,36.28,36.38,36.26,36.38,1014115,36837372.35
2026-04-01 14:55:00,2026-04-01,20260401145500000,000963,5,36.38,36.46,36.3,36.44,1060300,38603053.0
2026-04-01 15:00:00,2026-04-01,20260401150000000,000963,5,36.44,36.49,36.34,36.34,1132200,41241791.0
2026-04-02 09:35:00,2026-04-02,20260402093500000,000963,5,36.34,36.53,36.28,36.5,1326400,48286272.73
2026-04-02 09:40:00,2026-04-02,20260402094000000,000963,5,36.51,36.73,36.5,36.54,1370800,50203825.0
2026-04-02 09:45:00,2026-04-02,20260402094500000,000963,5,36.53,36.58,36.4,36.56,544600,19861659.0
2026-04-02 09:50:00,2026-04-02,20260402095000000,000963,5,36.57,36.69,36.4,36.53,727700,26581999.0
2026-04-02 09:55:00,2026-04-02,20260402095500000,000963,5,36.5,36.67,36.47,36.64,419600,15343142.0
2026-04-02 10:00:00,2026-04-02,20260402100000000,000963,5,36.63,36.63,36.47,36.48,346800,12676521.0
2026-04-02 10:05:00,2026-04-02,20260402100500000,000963,5,36.49,36.8,36.48,36.77,873500,32042230.0
2026-04-02 10:10:00,2026-04-02,20260402101000000,000963,5,36.79,36.8,36.59,36.63,573300,21022553.0
2026-04-02 10:15:00,2026-04-02,20260402101500000,000963,5,36.63,36.96,36.58,36.96,1139600,41954887.0
2026-04-02 10:20:00,2026-04-02,20260402102000000,000963,5,36.97,37.14,36.97,36.98,1683400,62362741.0
2026-04-02 10:25:00,2026-04-02,20260402102500000,000963,5,36.98,37.05,36.98,37.02,748800,27714492.0
2026-04-02 10:30:00,2026-04-02,20260402103000000,000963,5,37.02,37.02,36.95,36.97,355700,13156663.0
2026-04-02 10:35:00,2026-04-02,20260402103500000,000963,5,36.96,37.01,36.88,36.95,406000,15000826.0
2026-04-02 10:40:00,2026-04-02,20260402104000000,000963,5,36.94,37.05,36.92,37.05,356800,13194171.0
2026-04-02 10:45:00,2026-04-02,20260402104500000,000963,5,37.05,37.06,36.94,37.04,353900,13101269.0
2026-04-02 10:50:00,2026-04-02,20260402105000000,000963,5,37.06,37.13,37.03,37.11,509000,18870191.0
2026-04-02 10:55:00,2026-04-02,20260402105500000,000963,5,37.11,37.11,36.88,36.9,339300,12552968.0
2026-04-02 11:00:00,2026-04-02,20260402110000000,000963,5,36.9,36.9,36.79,36.83,268800,9902860.0
2026-04-02 11:05:00,2026-04-02,20260402110500000,000963,5,36.83,36.84,36.78,36.81,234600,8636062.0
2026-04-02 11:10:00,2026-04-02,20260402111000000,000963,5,36.81,36.84,36.75,36.84,235800,8677308.0
2026-04-02 11:15:00,2026-04-02,20260402111500000,000963,5,36.82,36.98,36.81,36.9,372500,13737578.0
2026-04-02 11:20:00,2026-04-02,20260402112000000,000963,5,36.89,36.92,36.88,36.9,197100,7273384.0
2026-04-02 11:25:00,2026-04-02,20260402112500000,000963,5,36.9,37.01,36.9,36.99,193800,7165269.0
2026-04-02 11:30:00,2026-04-02,20260402113000000,000963,5,37.0,37.02,36.92,36.98,203700,7532353.0
2026-04-02 13:05:00,2026-04-02,20260402130500000,000963,5,36.96,36.96,36.77,36.81,529600,19520880.0
2026-04-02 13:10:00,2026-04-02,20260402131000000,000963,5,36.81,36.93,36.8,36.88,325800,12019076.0
2026-04-02 13:15:00,2026-04-02,20260402131500000,000963,5,36.86,36.91,36.79,36.8,119873,4413536.86
2026-04-02 13:20:00,2026-04-02,20260402132000000,000963,5,36.82,36.86,36.78,36.78,156652,5765692.6
2026-04-02 13:25:00,2026-04-02,20260402132500000,000963,5,36.77,36.82,36.74,36.79,151800,5583274.0
2026-04-02 13:30:00,2026-04-02,20260402133000000,000963,5,36.8,37.09,36.8,37.07,481323,17809022.32
2026-04-02 13:35:00,2026-04-02,20260402133500000,000963,5,37.1,37.1,37.03,37.03,275037,10192011.48
2026-04-02 13:40:00,2026-04-02,20260402134000000,000963,5,37.02,37.02,36.91,36.92,330300,12216974.0
2026-04-02 13:45:00,2026-04-02,20260402134500000,000963,5,36.92,36.95,36.88,36.88,121700,4490660.0
2026-04-02 13:50:00,2026-04-02,20260402135000000,000963,5,36.88,36.89,36.83,36.83,92200,3398589.0
2026-04-02 13:55:00,2026-04-02,20260402135500000,000963,5,36.83,36.85,36.77,36.79,105200,3871438.0
2026-04-02 14:00:00,2026-04-02,20260402140000000,000963,5,36.78,36.82,36.72,36.74,173900,6394003.0
2026-04-02 14:05:00,2026-04-02,20260402140500000,000963,5,36.71,36.73,36.64,36.66,291900,10708903.0
2026-04-02 14:10:00,2026-04-02,20260402141000000,000963,5,36.66,36.84,36.66,36.83,300600,11051058.0
2026-04-02 14:15:00,2026-04-02,20260402141500000,000963,5,36.82,36.88,36.77,36.88,189400,6972143.0
2026-04-02 14:20:00,2026-04-02,20260402142000000,000963,5,36.88,36.98,36.86,36.92,231860,8562167.0
2026-04-02 14:25:00,2026-04-02,20260402142500000,000963,5,36.92,36.96,36.89,36.93,175714,6488039.74
2026-04-02 14:30:00,2026-04-02,20260402143000000,000963,5,36.92,36.94,36.87,36.88,164500,6072447.0
2026-04-02 14:35:00,2026-04-02,20260402143500000,000963,5,36.89,36.92,36.85,36.9,163600,6034831.0
2026-04-02 14:40:00,2026-04-02,20260402144000000,000963,5,36.91,36.91,36.87,36.91,171038,6311476.44
2026-04-02 14:45:00,2026-04-02,20260402144500000,000963,5,36.91,36.91,36.87,36.87,140200,5171755.0
2026-04-02 14:50:00,2026-04-02,20260402145000000,000963,5,36.88,36.88,36.81,36.84,199200,7339268.0
2026-04-02 14:55:00,2026-04-02,20260402145500000,000963,5,36.85,36.88,36.84,36.86,288320,10628975.06
2026-04-02 15:00:00,2026-04-02,20260402150000000,000963,5,36.87,36.9,36.87,36.88,420060,15492451.2
2026-04-03 09:35:00,2026-04-03,20260403093500000,000963,5,36.3,36.48,36.18,36.18,1512600,54929670.0
2026-04-03 09:40:00,2026-04-03,20260403094000000,000963,5,36.18,36.3,36.06,36.09,1080100,39056157.85
2026-04-03 09:45:00,2026-04-03,20260403094500000,000963,5,36.14,36.22,36.09,36.19,418063,15122939.45
2026-04-03 09:50:00,2026-04-03,20260403095000000,000963,5,36.19,36.32,36.14,36.32,364100,13188894.0
2026-04-03 09:55:00,2026-04-03,20260403095500000,000963,5,36.33,36.55,36.33,36.5,663000,24172512.56
2026-04-03 10:00:00,2026-04-03,20260403100000000,000963,5,36.49,36.52,36.4,36.51,507200,18498958.0
2026-04-03 10:05:00,2026-04-03,20260403100500000,000963,5,36.5,36.59,36.47,36.52,439800,16066170.0
2026-04-03 10:10:00,2026-04-03,20260403101000000,000963,5,36.51,36.51,36.36,36.5,633900,23111771.0
2026-04-03 10:15:00,2026-04-03,20260403101500000,000963,5,36.5,36.52,36.42,36.44,227100,8286614.0
2026-04-03 10:20:00,2026-04-03,20260403102000000,000963,5,36.45,36.45,36.37,36.43,177000,6443915.0
2026-04-03 10:25:00,2026-04-03,20260403102500000,000963,5,36.44,36.45,36.32,36.33,227300,8268385.0
2026-04-03 10:30:00,2026-04-03,20260403103000000,000963,5,36.32,36.38,36.31,36.34,138300,5025725.0
2026-04-03 10:35:00,2026-04-03,20260403103500000,000963,5,36.34,36.4,36.28,36.4,307000,11147640.0
2026-04-03 10:40:00,2026-04-03,20260403104000000,000963,5,36.41,36.43,36.37,36.42,71400,2599141.0
2026-04-03 10:45:00,2026-04-03,20260403104500000,000963,5,36.42,36.43,36.35,36.41,91000,3311854.0
2026-04-03 10:50:00,2026-04-03,20260403105000000,000963,5,36.42,36.46,36.34,36.34,171500,6241278.0
2026-04-03 10:55:00,2026-04-03,20260403105500000,000963,5,36.35,36.35,36.2,36.22,170100,6168712.0
2026-04-03 11:00:00,2026-04-03,20260403110000000,000963,5,36.22,36.25,36.16,36.17,176600,6391285.0
2026-04-03 11:05:00,2026-04-03,20260403110500000,000963,5,36.17,36.18,36.08,36.13,356300,12874174.0
2026-04-03 11:10:00,2026-04-03,20260403111000000,000963,5,36.13,36.19,36.11,36.15,125900,4551319.0
2026-04-03 11:15:00,2026-04-03,20260403111500000,000963,5,36.14,36.17,36.09,36.1,171000,6177237.0
2026-04-03 11:20:00,2026-04-03,20260403112000000,000963,5,36.1,36.15,36.06,36.15,375600,13556632.0
2026-04-03 11:25:00,2026-04-03,20260403112500000,000963,5,36.15,36.17,36.12,36.13,91900,3322094.0
2026-04-03 11:30:00,2026-04-03,20260403113000000,000963,5,36.17,36.18,36.13,36.16,64000,2313264.0
2026-04-03 13:05:00,2026-04-03,20260403130500000,000963,5,36.18,36.18,36.09,36.13,247900,8960507.0
2026-04-03 13:10:00,2026-04-03,20260403131000000,000963,5,36.13,36.2,36.13,36.17,224800,8130725.0
2026-04-03 13:15:00,2026-04-03,20260403131500000,000963,5,36.17,36.22,36.16,36.21,88600,3206595.0
2026-04-03 13:20:00,2026-04-03,20260403132000000,000963,5,36.21,36.25,36.18,36.25,84400,3057071.0
2026-04-03 13:25:00,2026-04-03,20260403132500000,000963,5,36.25,36.37,36.25,36.35,133000,4831836.0
2026-04-03 13:30:00,2026-04-03,20260403133000000,000963,5,36.34,36.4,36.3,36.4,169000,6143852.0
2026-04-03 13:35:00,2026-04-03,20260403133500000,000963,5,36.4,36.41,36.34,36.34,162900,5927272.0
2026-04-03 13:40:00,2026-04-03,20260403134000000,000963,5,36.34,36.49,36.33,36.47,141100,5139209.0
2026-04-03 13:45:00,2026-04-03,20260403134500000,000963,5,36.47,36.47,36.4,36.41,111125,4048345.0
2026-04-03 13:50:00,2026-04-03,20260403135000000,000963,5,36.4,36.4,36.3,36.3,130000,4724549.0
2026-04-03 13:55:00,2026-04-03,20260403135500000,000963,5,36.3,36.33,36.23,36.27,95700,3470963.0
2026-04-03 14:00:00,2026-04-03,20260403140000000,000963,5,36.26,36.32,36.25,36.32,41100,1491588.0
2026-04-03 14:05:00,2026-04-03,20260403140500000,000963,5,36.31,36.32,36.26,36.27,88200,3201862.0
2026-04-03 14:10:00,2026-04-03,20260403141000000,000963,5,36.27,36.27,36.19,36.22,88200,3195153.0
2026-04-03 14:15:00,2026-04-03,20260403141500000,000963,5,36.22,36.3,36.21,36.26,49900,1808965.0
2026-04-03 14:20:00,2026-04-03,20260403142000000,000963,5,36.26,36.27,36.24,36.24,45100,1635141.0
2026-04-03 14:25:00,2026-04-03,20260403142500000,000963,5,36.25,36.27,36.23,36.23,49104,1779914.0
2026-04-03 14:30:00,2026-04-03,20260403143000000,000963,5,36.23,36.24,36.21,36.22,46200,1673477.0
2026-04-03 14:35:00,2026-04-03,20260403143500000,000963,5,36.25,36.27,36.2,36.2,111759,4048536.16
2026-04-03 14:40:00,2026-04-03,20260403144000000,000963,5,36.2,36.21,36.18,36.2,116200,4206354.0
2026-04-03 14:45:00,2026-04-03,20260403144500000,000963,5,36.21,36.24,36.18,36.24,210100,7604654.0
2026-04-03 14:50:00,2026-04-03,20260403145000000,000963,5,36.24,36.3,36.22,36.3,141100,5117805.0
2026-04-03 14:55:00,2026-04-03,20260403145500000,000963,5,36.3,36.35,36.29,36.31,224600,8154852.0
2026-04-03 15:00:00,2026-04-03,20260403150000000,000963,5,36.3,36.32,36.26,36.29,176400,6400709.0
2026-04-07 09:35:00,2026-04-07,20260407093500000,000963,5,36.38,36.4,35.77,35.77,996900,35970342.96
2026-04-07 09:40:00,2026-04-07,20260407094000000,000963,5,35.78,35.89,35.7,35.7,698625,25000740.0
2026-04-07 09:45:00,2026-04-07,20260407094500000,000963,5,35.68,35.92,35.65,35.91,400900,14333634.14
2026-04-07 09:50:00,2026-04-07,20260407095000000,000963,5,35.9,36.0,35.88,36.0,240700,8648168.0
2026-04-07 09:55:00,2026-04-07,20260407095500000,000963,5,35.98,36.31,35.98,36.31,465200,16808233.0
2026-04-07 10:00:00,2026-04-07,20260407100000000,000963,5,36.31,36.34,36.19,36.28,229100,8308028.0
2026-04-07 10:05:00,2026-04-07,20260407100500000,000963,5,36.28,36.36,36.24,36.32,530500,19261859.0
2026-04-07 10:10:00,2026-04-07,20260407101000000,000963,5,36.34,36.47,36.32,36.35,533500,19413312.05
2026-04-07 10:15:00,2026-04-07,20260407101500000,000963,5,36.35,36.39,36.21,36.25,306998,11144408.58
2026-04-07 10:20:00,2026-04-07,20260407102000000,000963,5,36.23,36.34,36.18,36.18,222602,8072771.42
2026-04-07 10:25:00,2026-04-07,20260407102500000,000963,5,36.17,36.18,36.09,36.09,111400,4025065.0
2026-04-07 10:30:00,2026-04-07,20260407103000000,000963,5,36.09,36.22,36.09,36.19,157700,5703972.0
2026-04-07 10:35:00,2026-04-07,20260407103500000,000963,5,36.19,36.27,36.19,36.22,154400,5594481.0
2026-04-07 10:40:00,2026-04-07,20260407104000000,000963,5,36.21,36.22,36.16,36.18,73800,2670497.0
2026-04-07 10:45:00,2026-04-07,20260407104500000,000963,5,36.18,36.19,36.1,36.16,100200,3621244.0
2026-04-07 10:50:00,2026-04-07,20260407105000000,000963,5,36.17,36.17,36.06,36.07,86400,3119472.0
2026-04-07 10:55:00,2026-04-07,20260407105500000,000963,5,36.07,36.13,36.05,36.1,50800,1832734.0
2026-04-07 11:00:00,2026-04-07,20260407110000000,000963,5,36.1,36.14,36.08,36.08,58300,2104774.0
2026-04-07 11:05:00,2026-04-07,20260407110500000,000963,5,36.08,36.11,36.08,36.08,26700,963639.0
2026-04-07 11:10:00,2026-04-07,20260407111000000,000963,5,36.08,36.09,36.01,36.01,48000,1730275.0
2026-04-07 11:15:00,2026-04-07,20260407111500000,000963,5,36.01,36.05,36.0,36.02,100500,3620148.0
2026-04-07 11:20:00,2026-04-07,20260407112000000,000963,5,36.02,36.02,35.9,35.91,134200,4826494.38
2026-04-07 11:25:00,2026-04-07,20260407112500000,000963,5,35.91,36.02,35.9,35.96,74700,2684792.0
2026-04-07 11:30:00,2026-04-07,20260407113000000,000963,5,35.96,35.96,35.88,35.93,99939,3589674.32
2026-04-07 13:05:00,2026-04-07,20260407130500000,000963,5,35.91,35.96,35.89,35.96,92600,3326004.61
2026-04-07 13:10:00,2026-04-07,20260407131000000,000963,5,35.96,36.02,35.91,35.91,90000,3235179.0
2026-04-07 13:15:00,2026-04-07,20260407131500000,000963,5,35.91,35.95,35.76,35.76,192361,6896765.68
2026-04-07 13:20:00,2026-04-07,20260407132000000,000963,5,35.78,35.78,35.68,35.71,162000,5785731.0
2026-04-07 13:25:00,2026-04-07,20260407132500000,000963,5,35.71,35.77,35.71,35.74,86500,3091596.0
2026-04-07 13:30:00,2026-04-07,20260407133000000,000963,5,35.74,35.8,35.72,35.79,100900,3608488.0
2026-04-07 13:35:00,2026-04-07,20260407133500000,000963,5,35.79,35.81,35.77,35.77,102800,3679076.34
2026-04-07 13:40:00,2026-04-07,20260407134000000,000963,5,35.77,35.81,35.74,35.79,108900,3895434.0
2026-04-07 13:45:00,2026-04-07,20260407134500000,000963,5,35.77,35.79,35.73,35.75,84800,3032137.67
2026-04-07 13:50:00,2026-04-07,20260407135000000,000963,5,35.74,35.82,35.74,35.79,76900,2751055.0
2026-04-07 13:55:00,2026-04-07,20260407135500000,000963,5,35.8,35.88,35.8,35.8,100200,3590683.0
2026-04-07 14:00:00,2026-04-07,20260407140000000,000963,5,35.8,35.88,35.8,35.88,103100,3694337.0
2026-04-07 14:05:00,2026-04-07,20260407140500000,000963,5,35.86,35.94,35.85,35.94,157500,5651928.0
2026-04-07 14:10:00,2026-04-07,20260407141000000,000963,5,35.93,35.99,35.93,35.94,128000,4603566.8
2026-04-07 14:15:00,2026-04-07,20260407141500000,000963,5,35.94,35.97,35.89,35.94,71900,2584406.0
2026-04-07 14:20:00,2026-04-07,20260407142000000,000963,5,35.94,35.99,35.94,35.99,77315,2780148.1
2026-04-07 14:25:00,2026-04-07,20260407142500000,000963,5,35.99,36.05,35.96,36.04,126260,4546521.6
2026-04-07 14:30:00,2026-04-07,20260407143000000,000963,5,36.03,36.08,36.01,36.05,121500,4379559.0
2026-04-07 14:35:00,2026-04-07,20260407143500000,000963,5,36.07,36.07,36.0,36.04,84100,3030442.0
2026-04-07 14:40:00,2026-04-07,20260407144000000,000963,5,36.04,36.04,36.0,36.0,132800,4782651.99
2026-04-07 14:45:00,2026-04-07,20260407144500000,000963,5,36.0,36.02,35.95,35.96,128500,4624156.0
2026-04-07 14:50:00,2026-04-07,20260407145000000,000963,5,35.96,35.98,35.91,35.94,175100,6295556.0
2026-04-07 14:55:00,2026-04-07,20260407145500000,000963,5,35.94,35.98,35.92,35.94,218300,7847754.0
2026-04-07 15:00:00,2026-04-07,20260407150000000,000963,5,35.94,35.95,35.93,35.94,256800,9229768.0
2026-04-08 09:35:00,2026-04-08,20260408093500000,000963,5,36.6,36.62,36.25,36.32,1321800,48114322.0
2026-04-08 09:40:00,2026-04-08,20260408094000000,000963,5,36.35,36.44,36.28,36.37,540610,19657449.1
2026-04-08 09:45:00,2026-04-08,20260408094500000,000963,5,36.38,36.45,36.1,36.1,518015,18807887.82
2026-04-08 09:50:00,2026-04-08,20260408095000000,000963,5,36.14,36.16,35.92,35.99,879300,31658934.24
2026-04-08 09:55:00,2026-04-08,20260408095500000,000963,5,36.02,36.07,35.78,35.79,757300,27212273.0
2026-04-08 10:00:00,2026-04-08,20260408100000000,000963,5,35.8,35.86,35.7,35.74,683600,24452166.0
2026-04-08 10:05:00,2026-04-08,20260408100500000,000963,5,35.76,35.99,35.76,35.99,336648,12074054.8
2026-04-08 10:10:00,2026-04-08,20260408101000000,000963,5,35.99,36.03,35.9,35.99,245700,8839503.0
2026-04-08 10:15:00,2026-04-08,20260408101500000,000963,5,35.97,36.0,35.9,35.92,221700,7968191.0
2026-04-08 10:20:00,2026-04-08,20260408102000000,000963,5,35.91,36.01,35.9,36.01,219800,7904393.0
2026-04-08 10:25:00,2026-04-08,20260408102500000,000963,5,36.01,36.04,35.95,36.01,113200,4074169.0
2026-04-08 10:30:00,2026-04-08,20260408103000000,000963,5,36.01,36.06,36.0,36.02,245000,8828409.0
2026-04-08 10:35:00,2026-04-08,20260408103500000,000963,5,36.02,36.05,35.98,36.03,170113,6124484.48
2026-04-08 10:40:00,2026-04-08,20260408104000000,000963,5,36.03,36.09,36.01,36.06,231800,8358782.0
2026-04-08 10:45:00,2026-04-08,20260408104500000,000963,5,36.05,36.06,35.98,36.01,125200,4509978.0
2026-04-08 10:50:00,2026-04-08,20260408105000000,000963,5,36.01,36.15,35.98,36.14,222200,8012035.0
2026-04-08 10:55:00,2026-04-08,20260408105500000,000963,5,36.12,36.12,36.0,36.08,181500,6545480.0
2026-04-08 11:00:00,2026-04-08,20260408110000000,000963,5,36.08,36.1,35.97,36.03,161800,5831403.0
2026-04-08 11:05:00,2026-04-08,20260408110500000,000963,5,36.05,36.1,36.0,36.08,223700,8063251.0
2026-04-08 11:10:00,2026-04-08,20260408111000000,000963,5,36.08,36.14,36.04,36.14,116600,4209519.0
2026-04-08 11:15:00,2026-04-08,20260408111500000,000963,5,36.12,36.16,36.11,36.16,64600,2333735.0
2026-04-08 11:20:00,2026-04-08,20260408112000000,000963,5,36.16,36.16,36.13,36.13,56400,2038807.0
2026-04-08 11:25:00,2026-04-08,20260408112500000,000963,5,36.12,36.13,36.07,36.1,91200,3292827.0
2026-04-08 11:30:00,2026-04-08,20260408113000000,000963,5,36.11,36.12,36.06,36.12,96900,3497551.0
2026-04-08 13:05:00,2026-04-08,20260408130500000,000963,5,36.11,36.17,36.05,36.1,237000,8558964.0
2026-04-08 13:10:00,2026-04-08,20260408131000000,000963,5,36.1,36.16,36.06,36.14,124600,4500001.0
2026-04-08 13:15:00,2026-04-08,20260408131500000,000963,5,36.14,36.15,36.12,36.13,68700,2482261.0
2026-04-08 13:20:00,2026-04-08,20260408132000000,000963,5,36.12,36.19,36.1,36.16,205500,7427020.0
2026-04-08 13:25:00,2026-04-08,20260408132500000,000963,5,36.16,36.23,36.15,36.19,255000,9229621.0
2026-04-08 13:30:00,2026-04-08,20260408133000000,000963,5,36.19,36.22,36.17,36.17,180900,6548201.0
2026-04-08 13:35:00,2026-04-08,20260408133500000,000963,5,36.16,36.2,36.14,36.19,171000,6184562.0
2026-04-08 13:40:00,2026-04-08,20260408134000000,000963,5,36.2,36.21,36.18,36.21,206200,7464146.0
2026-04-08 13:45:00,2026-04-08,20260408134500000,000963,5,36.21,36.22,36.2,36.21,136085,4927920.85
2026-04-08 13:50:00,2026-04-08,20260408135000000,000963,5,36.2,36.21,36.18,36.2,138500,5013433.0
2026-04-08 13:55:00,2026-04-08,20260408135500000,000963,5,36.2,36.21,36.15,36.15,175500,6351140.0
2026-04-08 14:00:00,2026-04-08,20260408140000000,000963,5,36.15,36.21,36.15,36.19,184000,6657736.0
2026-04-08 14:05:00,2026-04-08,20260408140500000,000963,5,36.2,36.22,36.17,36.18,156600,5668162.0
2026-04-08 14:10:00,2026-04-08,20260408141000000,000963,5,36.18,36.22,36.18,36.21,121500,4398412.0
2026-04-08 14:15:00,2026-04-08,20260408141500000,000963,5,36.21,36.22,36.19,36.21,162500,5882656.0
2026-04-08 14:20:00,2026-04-08,20260408142000000,000963,5,36.21,36.21,36.16,36.16,203100,7348503.0
2026-04-08 14:25:00,2026-04-08,20260408142500000,000963,5,36.16,36.23,36.16,36.23,164100,5940127.0
2026-04-08 14:30:00,2026-04-08,20260408143000000,000963,5,36.23,36.24,36.19,36.19,157400,5699335.0
2026-04-08 14:35:00,2026-04-08,20260408143500000,000963,5,36.2,36.22,36.18,36.2,145800,5277972.0
2026-04-08 14:40:00,2026-04-08,20260408144000000,000963,5,36.2,36.24,36.2,36.23,152300,5516625.0
2026-04-08 14:45:00,2026-04-08,20260408144500000,000963,5,36.23,36.23,36.19,36.2,252900,9157556.0
2026-04-08 14:50:00,2026-04-08,20260408145000000,000963,5,36.19,36.22,36.18,36.19,386800,14001331.0
2026-04-08 14:55:00,2026-04-08,20260408145500000,000963,5,36.19,36.2,36.17,36.2,388600,14061925.0
2026-04-08 15:00:00,2026-04-08,20260408150000000,000963,5,36.2,36.25,36.18,36.25,318700,11546220.0
2026-04-09 09:35:00,2026-04-09,20260409093500000,000963,5,36.09,36.39,35.96,36.36,915200,33132067.0
2026-04-09 09:40:00,2026-04-09,20260409094000000,000963,5,36.37,36.39,36.21,36.31,641017,23291929.46
2026-04-09 09:45:00,2026-04-09,20260409094500000,000963,5,36.3,36.43,36.25,36.39,493300,17934799.0
2026-04-09 09:50:00,2026-04-09,20260409095000000,000963,5,36.39,36.41,36.18,36.22,316000,11456333.0
2026-04-09 09:55:00,2026-04-09,20260409095500000,000963,5,36.22,36.23,36.06,36.1,346800,12537628.0
2026-04-09 10:00:00,2026-04-09,20260409100000000,000963,5,36.1,36.14,36.03,36.09,312600,11278107.0
2026-04-09 10:05:00,2026-04-09,20260409100500000,000963,5,36.08,36.14,35.98,36.02,412300,14856647.0
2026-04-09 10:10:00,2026-04-09,20260409101000000,000963,5,36.02,36.04,35.9,35.95,590300,21219457.0
2026-04-09 10:15:00,2026-04-09,20260409101500000,000963,5,35.93,35.99,35.81,35.81,420200,15089487.0
2026-04-09 10:20:00,2026-04-09,20260409102000000,000963,5,35.82,35.87,35.8,35.84,349600,12522891.0
2026-04-09 10:25:00,2026-04-09,20260409102500000,000963,5,35.84,35.85,35.8,35.81,329900,11816691.0
2026-04-09 10:30:00,2026-04-09,20260409103000000,000963,5,35.83,35.85,35.7,35.71,610800,21835992.0
2026-04-09 10:35:00,2026-04-09,20260409103500000,000963,5,35.7,35.78,35.7,35.73,172533,6167701.76
2026-04-09 10:40:00,2026-04-09,20260409104000000,000963,5,35.73,35.74,35.7,35.7,188500,6731598.0
2026-04-09 10:45:00,2026-04-09,20260409104500000,000963,5,35.7,35.75,35.67,35.73,289000,10316206.0
2026-04-09 10:50:00,2026-04-09,20260409105000000,000963,5,35.73,35.78,35.73,35.74,138200,4940305.0
2026-04-09 10:55:00,2026-04-09,20260409105500000,000963,5,35.76,35.82,35.75,35.82,131700,4713820.0
2026-04-09 11:00:00,2026-04-09,20260409110000000,000963,5,35.82,35.88,35.78,35.78,78600,2816485.0
2026-04-09 11:05:00,2026-04-09,20260409110500000,000963,5,35.78,35.84,35.78,35.79,76500,2738548.0
2026-04-09 11:10:00,2026-04-09,20260409111000000,000963,5,35.79,35.79,35.75,35.76,62100,2221315.0
2026-04-09 11:15:00,2026-04-09,20260409111500000,000963,5,35.76,35.76,35.69,35.69,125800,4493460.0
2026-04-09 11:20:00,2026-04-09,20260409112000000,000963,5,35.7,36.03,35.68,35.98,312200,11185163.0
2026-04-09 11:25:00,2026-04-09,20260409112500000,000963,5,35.98,35.98,35.88,35.88,97500,3505075.0
2026-04-09 11:30:00,2026-04-09,20260409113000000,000963,5,35.89,35.96,35.83,35.84,108300,3888915.0
2026-04-09 13:05:00,2026-04-09,20260409130500000,000963,5,35.87,35.87,35.7,35.7,152800,5465448.0
2026-04-09 13:10:00,2026-04-09,20260409131000000,000963,5,35.73,35.96,35.66,35.92,399800,14283127.0
2026-04-09 13:15:00,2026-04-09,20260409131500000,000963,5,35.92,36.07,35.92,36.07,266422,9590766.9
2026-04-09 13:20:00,2026-04-09,20260409132000000,000963,5,36.09,36.12,35.94,35.97,227300,8192452.0
2026-04-09 13:25:00,2026-04-09,20260409132500000,000963,5,35.96,36.08,35.93,36.0,153400,5523091.0
2026-04-09 13:30:00,2026-04-09,20260409133000000,000963,5,36.0,36.06,36.0,36.05,136700,4925680.0
2026-04-09 13:35:00,2026-04-09,20260409133500000,000963,5,36.02,36.12,36.02,36.12,278993,10068245.58
2026-04-09 13:40:00,2026-04-09,20260409134000000,000963,5,36.12,36.15,36.1,36.14,230200,8315422.0
2026-04-09 13:45:00,2026-04-09,20260409134500000,000963,5,36.13,36.2,36.07,36.07,264700,9568206.0
2026-04-09 13:50:00,2026-04-09,20260409135000000,000963,5,36.07,36.09,35.94,35.94,212500,7653672.0
2026-04-09 13:55:00,2026-04-09,20260409135500000,000963,5,35.93,35.94,35.86,35.88,160000,5742843.0
2026-04-09 14:00:00,2026-04-09,20260409140000000,000963,5,35.88,35.91,35.86,35.9,157600,5655941.0
2026-04-09 14:05:00,2026-04-09,20260409140500000,000963,5,35.88,35.93,35.87,35.91,228500,8201668.0
2026-04-09 14:10:00,2026-04-09,20260409141000000,000963,5,35.91,35.91,35.83,35.84,219800,7883753.0
2026-04-09 14:15:00,2026-04-09,20260409141500000,000963,5,35.84,35.98,35.83,35.91,197200,7075647.0
2026-04-09 14:20:00,2026-04-09,20260409142000000,000963,5,35.9,35.99,35.88,35.97,165100,5931262.0
2026-04-09 14:25:00,2026-04-09,20260409142500000,000963,5,35.97,36.0,35.91,35.97,178100,6404329.0
2026-04-09 14:30:00,2026-04-09,20260409143000000,000963,5,35.97,36.0,35.94,35.97,166700,5996707.0
2026-04-09 14:35:00,2026-04-09,20260409143500000,000963,5,35.97,35.97,35.85,35.91,316500,11366181.0
2026-04-09 14:40:00,2026-04-09,20260409144000000,000963,5,35.92,36.09,35.91,36.05,281000,10118421.0
2026-04-09 14:45:00,2026-04-09,20260409144500000,000963,5,36.05,36.06,36.0,36.03,266200,9590088.0
2026-04-09 14:50:00,2026-04-09,20260409145000000,000963,5,36.04,36.05,35.95,35.98,307500,11073861.0
2026-04-09 14:55:00,2026-04-09,20260409145500000,000963,5,35.98,35.99,35.92,35.95,225284,8098529.74
2026-04-09 15:00:00,2026-04-09,20260409150000000,000963,5,35.94,35.98,35.91,35.95,178205,6405481.59
2026-04-10 09:35:00,2026-04-10,20260410093500000,000963,5,35.87,36.06,35.87,35.88,461727,16598531.83
2026-04-10 09:40:00,2026-04-10,20260410094000000,000963,5,35.88,35.97,35.82,35.97,390293,13999219.86
2026-04-10 09:45:00,2026-04-10,20260410094500000,000963,5,35.98,36.05,35.87,35.96,252800,9093125.0
2026-04-10 09:50:00,2026-04-10,20260410095000000,000963,5,35.96,36.03,35.95,36.0,254300,9150428.0
2026-04-10 09:55:00,2026-04-10,20260410095500000,000963,5,36.0,36.02,35.98,36.0,170000,6119632.0
2026-04-10 10:00:00,2026-04-10,20260410100000000,000963,5,36.0,36.09,35.98,36.07,388200,13988786.0
2026-04-10 10:05:00,2026-04-10,20260410100500000,000963,5,36.06,36.22,36.06,36.07,475900,17204943.0
2026-04-10 10:10:00,2026-04-10,20260410101000000,000963,5,36.07,36.09,36.05,36.06,164400,5929884.0
2026-04-10 10:15:00,2026-04-10,20260410101500000,000963,5,36.06,36.07,35.98,35.99,284900,10264639.0
2026-04-10 10:20:00,2026-04-10,20260410102000000,000963,5,36.0,36.01,35.9,35.91,297200,10683369.0
2026-04-10 10:25:00,2026-04-10,20260410102500000,000963,5,35.91,35.95,35.9,35.92,374700,13457272.0
2026-04-10 10:30:00,2026-04-10,20260410103000000,000963,5,35.92,35.98,35.89,35.92,245600,8821251.0
2026-04-10 10:35:00,2026-04-10,20260410103500000,000963,5,35.91,36.04,35.91,36.04,131200,4717571.0
2026-04-10 10:40:00,2026-04-10,20260410104000000,000963,5,36.04,36.4,36.04,36.4,1409898,51147393.58
2026-04-10 10:45:00,2026-04-10,20260410104500000,000963,5,36.42,36.47,36.18,36.25,497600,18069170.0
2026-04-10 10:50:00,2026-04-10,20260410105000000,000963,5,36.25,36.27,36.2,36.24,206500,7484263.0
2026-04-10 10:55:00,2026-04-10,20260410105500000,000963,5,36.25,36.25,36.18,36.19,141500,5122419.0
2026-04-10 11:00:00,2026-04-10,20260410110000000,000963,5,36.19,36.22,36.17,36.21,123500,4469793.0
2026-04-10 11:05:00,2026-04-10,20260410110500000,000963,5,36.21,36.21,36.12,36.16,151400,5474297.0
2026-04-10 11:10:00,2026-04-10,20260410111000000,000963,5,36.16,36.41,36.15,36.32,297800,10820407.0
2026-04-10 11:15:00,2026-04-10,20260410111500000,000963,5,36.31,36.5,36.26,36.49,665500,24238206.0
2026-04-10 11:20:00,2026-04-10,20260410112000000,000963,5,36.49,36.49,36.3,36.31,263500,9588391.0
2026-04-10 11:25:00,2026-04-10,20260410112500000,000963,5,36.31,36.36,36.28,36.28,118300,4295879.0
2026-04-10 11:30:00,2026-04-10,20260410113000000,000963,5,36.28,36.28,36.23,36.23,101700,3687083.0
2026-04-10 13:05:00,2026-04-10,20260410130500000,000963,5,36.24,36.24,36.17,36.19,143400,5190409.0
2026-04-10 13:10:00,2026-04-10,20260410131000000,000963,5,36.18,36.22,36.15,36.15,114100,4128726.0
2026-04-10 13:15:00,2026-04-10,20260410131500000,000963,5,36.15,36.24,36.15,36.23,87200,3155019.0
2026-04-10 13:20:00,2026-04-10,20260410132000000,000963,5,36.23,36.25,36.21,36.23,105600,3826982.0
2026-04-10 13:25:00,2026-04-10,20260410132500000,000963,5,36.24,36.24,36.22,36.24,80700,2923800.0
2026-04-10 13:30:00,2026-04-10,20260410133000000,000963,5,36.24,36.25,36.18,36.19,87300,3163083.0
2026-04-10 13:35:00,2026-04-10,20260410133500000,000963,5,36.18,36.19,36.15,36.17,91800,3320639.0
2026-04-10 13:40:00,2026-04-10,20260410134000000,000963,5,36.17,36.19,36.14,36.19,111600,4035620.0
2026-04-10 13:45:00,2026-04-10,20260410134500000,000963,5,36.19,36.2,36.14,36.17,101300,3664191.0
2026-04-10 13:50:00,2026-04-10,20260410135000000,000963,5,36.16,36.2,36.15,36.18,80600,2916092.0
2026-04-10 13:55:00,2026-04-10,20260410135500000,000963,5,36.19,36.24,36.17,36.22,84500,3059292.0
2026-04-10 14:00:00,2026-04-10,20260410140000000,000963,5,36.23,36.25,36.19,36.24,84100,3046248.0
2026-04-10 14:05:00,2026-04-10,20260410140500000,000963,5,36.23,36.24,36.16,36.16,129200,4676821.0
2026-04-10 14:10:00,2026-04-10,20260410141000000,000963,5,36.16,36.18,36.13,36.14,176672,6386085.36
2026-04-10 14:15:00,2026-04-10,20260410141500000,000963,5,36.15,36.18,36.14,36.14,85500,3090919.0
2026-04-10 14:20:00,2026-04-10,20260410142000000,000963,5,36.13,36.14,36.06,36.07,174428,6298909.64
2026-04-10 14:25:00,2026-04-10,20260410142500000,000963,5,36.07,36.09,36.06,36.08,95000,3426782.0
2026-04-10 14:30:00,2026-04-10,20260410143000000,000963,5,36.07,36.12,36.07,36.1,119600,4317061.0
2026-04-10 14:35:00,2026-04-10,20260410143500000,000963,5,36.08,36.11,36.03,36.03,143900,5188788.0
2026-04-10 14:40:00,2026-04-10,20260410144000000,000963,5,36.03,36.05,36.0,36.01,157000,5654684.0
2026-04-10 14:45:00,2026-04-10,20260410144500000,000963,5,36.03,36.03,35.98,36.0,200800,7229918.0
2026-04-10 14:50:00,2026-04-10,20260410145000000,000963,5,35.99,36.03,35.99,36.0,178000,6408164.0
2026-04-10 14:55:00,2026-04-10,20260410145500000,000963,5,36.0,36.02,35.99,36.01,192000,6912669.0
2026-04-10 15:00:00,2026-04-10,20260410150000000,000963,5,36.0,36.05,36.0,36.05,131572,4740033.0
2026-04-13 09:35:00,2026-04-13,20260413093500000,000963,5,35.86,36.0,35.52,35.54,917747,32743665.49
2026-04-13 09:40:00,2026-04-13,20260413094000000,000963,5,35.5,35.6,35.5,35.56,526015,18686129.95
2026-04-13 09:45:00,2026-04-13,20260413094500000,000963,5,35.57,35.66,35.56,35.59,202000,7192682.0
2026-04-13 09:50:00,2026-04-13,20260413095000000,000963,5,35.57,35.6,35.51,35.55,253100,8995742.0
2026-04-13 09:55:00,2026-04-13,20260413095500000,000963,5,35.55,35.68,35.55,35.68,148100,5277786.0
2026-04-13 10:00:00,2026-04-13,20260413100000000,000963,5,35.66,35.73,35.66,35.68,127800,4560061.0
2026-04-13 10:05:00,2026-04-13,20260413100500000,000963,5,35.69,35.7,35.61,35.65,134900,4810548.0
2026-04-13 10:10:00,2026-04-13,20260413101000000,000963,5,35.65,35.69,35.61,35.66,82400,2937034.0
2026-04-13 10:15:00,2026-04-13,20260413101500000,000963,5,35.65,35.66,35.62,35.62,94400,3364733.0
2026-04-13 10:20:00,2026-04-13,20260413102000000,000963,5,35.62,35.66,35.51,35.64,367800,13084418.0
2026-04-13 10:25:00,2026-04-13,20260413102500000,000963,5,35.64,35.64,35.47,35.48,338200,12010281.0
2026-04-13 10:30:00,2026-04-13,20260413103000000,000963,5,35.47,35.49,35.39,35.39,479400,16989538.0
2026-04-13 10:35:00,2026-04-13,20260413103500000,000963,5,35.39,35.43,35.29,35.29,522000,18460054.0
2026-04-13 10:40:00,2026-04-13,20260413104000000,000963,5,35.25,35.32,35.23,35.3,441600,15574437.0
2026-04-13 10:45:00,2026-04-13,20260413104500000,000963,5,35.3,35.32,35.28,35.3,167500,5912950.0
2026-04-13 10:50:00,2026-04-13,20260413105000000,000963,5,35.31,35.33,35.21,35.23,329600,11620090.0
2026-04-13 10:55:00,2026-04-13,20260413105500000,000963,5,35.21,35.22,35.15,35.16,301100,10595384.0
2026-04-13 11:00:00,2026-04-13,20260413110000000,000963,5,35.17,35.18,35.14,35.15,313400,11017223.0
2026-04-13 11:05:00,2026-04-13,20260413110500000,000963,5,35.16,35.16,35.1,35.14,278900,9796881.0
2026-04-13 11:10:00,2026-04-13,20260413111000000,000963,5,35.14,35.16,35.11,35.11,117500,4129523.0
2026-04-13 11:15:00,2026-04-13,20260413111500000,000963,5,35.11,35.11,35.05,35.09,422500,14822927.0
2026-04-13 11:20:00,2026-04-13,20260413112000000,000963,5,35.09,35.09,35.05,35.05,85000,2980206.0
2026-04-13 11:25:00,2026-04-13,20260413112500000,000963,5,35.05,35.07,35.05,35.07,136000,4768085.0
2026-04-13 11:30:00,2026-04-13,20260413113000000,000963,5,35.07,35.14,35.06,35.07,135900,4769647.0
2026-04-13 13:05:00,2026-04-13,20260413130500000,000963,5,35.07,35.32,35.07,35.27,245740,8647373.2
2026-04-13 13:10:00,2026-04-13,20260413131000000,000963,5,35.3,35.3,35.1,35.12,115600,4063240.0
2026-04-13 13:15:00,2026-04-13,20260413131500000,000963,5,35.13,35.18,35.09,35.11,168100,5905279.0
2026-04-13 13:20:00,2026-04-13,20260413132000000,000963,5,35.11,35.15,35.07,35.15,173400,6086339.0
2026-04-13 13:25:00,2026-04-13,20260413132500000,000963,5,35.15,35.15,35.08,35.13,97400,3419603.0
2026-04-13 13:30:00,2026-04-13,20260413133000000,000963,5,35.13,35.14,35.08,35.08,172900,6067919.0
2026-04-13 13:35:00,2026-04-13,20260413133500000,000963,5,35.1,35.14,35.08,35.14,101200,3553131.0
2026-04-13 13:40:00,2026-04-13,20260413134000000,000963,5,35.12,35.15,35.08,35.09,173000,6074197.0
2026-04-13 13:45:00,2026-04-13,20260413134500000,000963,5,35.09,35.09,35.05,35.06,199638,7000703.28
2026-04-13 13:50:00,2026-04-13,20260413135000000,000963,5,35.07,35.08,35.05,35.05,120400,4221356.0
2026-04-13 13:55:00,2026-04-13,20260413135500000,000963,5,35.05,35.06,35.02,35.02,254000,8898012.0
2026-04-13 14:00:00,2026-04-13,20260413140000000,000963,5,35.02,35.03,35.01,35.01,124800,4369951.0
2026-04-13 14:05:00,2026-04-13,20260413140500000,000963,5,35.01,35.05,35.01,35.03,146200,5121526.0
2026-04-13 14:10:00,2026-04-13,20260413141000000,000963,5,35.03,35.04,35.0,35.0,364500,12762547.0
2026-04-13 14:15:00,2026-04-13,20260413141500000,000963,5,35.01,35.02,34.97,35.02,478300,16737998.0
2026-04-13 14:20:00,2026-04-13,20260413142000000,000963,5,35.02,35.04,35.01,35.03,130200,4560087.0
2026-04-13 14:25:00,2026-04-13,20260413142500000,000963,5,35.03,35.07,35.01,35.03,89700,3142906.0
2026-04-13 14:30:00,2026-04-13,20260413143000000,000963,5,35.04,35.05,35.0,35.03,124800,4370633.0
2026-04-13 14:35:00,2026-04-13,20260413143500000,000963,5,35.02,35.03,34.98,34.98,217200,7601652.0
2026-04-13 14:40:00,2026-04-13,20260413144000000,000963,5,34.99,35.0,34.97,34.98,166900,5838270.0
2026-04-13 14:45:00,2026-04-13,20260413144500000,000963,5,34.99,35.0,34.96,34.98,279800,9787031.0
2026-04-13 14:50:00,2026-04-13,20260413145000000,000963,5,34.98,34.98,34.92,34.96,373900,13068773.0
2026-04-13 14:55:00,2026-04-13,20260413145500000,000963,5,34.96,35.02,34.94,34.96,240900,8421369.12
2026-04-13 15:00:00,2026-04-13,20260413150000000,000963,5,34.97,34.97,34.93,34.93,269738,9424979.34
2026-04-14 09:35:00,2026-04-14,20260414093500000,000963,5,35.01,35.1,34.94,34.95,462600,16199533.78
2026-04-14 09:40:00,2026-04-14,20260414094000000,000963,5,34.94,34.95,34.72,34.72,442500,15402961.0
2026-04-14 09:45:00,2026-04-14,20260414094500000,000963,5,34.72,34.82,34.68,34.79,361500,12555454.0
2026-04-14 09:50:00,2026-04-14,20260414095000000,000963,5,34.77,35.0,34.76,34.9,267500,9335860.0
2026-04-14 09:55:00,2026-04-14,20260414095500000,000963,5,34.9,35.02,34.85,35.02,230500,8050584.0
2026-04-14 10:00:00,2026-04-14,20260414100000000,000963,5,35.03,35.04,34.77,34.85,224300,7825572.0
2026-04-14 10:05:00,2026-04-14,20260414100500000,000963,5,34.87,34.87,34.76,34.76,168800,5876799.0
2026-04-14 10:10:00,2026-04-14,20260414101000000,000963,5,34.76,34.76,34.63,34.7,617000,21400385.0
2026-04-14 10:15:00,2026-04-14,20260414101500000,000963,5,34.7,34.74,34.62,34.67,583800,20235794.0
2026-04-14 10:20:00,2026-04-14,20260414102000000,000963,5,34.63,34.71,34.61,34.62,334900,11601523.0
2026-04-14 10:25:00,2026-04-14,20260414102500000,000963,5,34.63,34.64,34.61,34.62,238900,8269972.0
2026-04-14 10:30:00,2026-04-14,20260414103000000,000963,5,34.61,34.67,34.56,34.57,315360,10911128.2
2026-04-14 10:35:00,2026-04-14,20260414103500000,000963,5,34.57,34.58,34.51,34.53,449240,15514010.4
2026-04-14 10:40:00,2026-04-14,20260414104000000,000963,5,34.52,34.57,34.51,34.51,205460,7093875.0
2026-04-14 10:45:00,2026-04-14,20260414104500000,000963,5,34.52,34.56,34.51,34.54,163000,5629224.0
2026-04-14 10:50:00,2026-04-14,20260414105000000,000963,5,34.55,34.6,34.54,34.55,157800,5455145.0
2026-04-14 10:55:00,2026-04-14,20260414105500000,000963,5,34.55,34.57,34.51,34.51,137600,4752076.0
2026-04-14 11:00:00,2026-04-14,20260414110000000,000963,5,34.52,34.53,34.45,34.47,401840,13860051.0
2026-04-14 11:05:00,2026-04-14,20260414110500000,000963,5,34.46,34.46,34.41,34.45,236800,8157188.0
2026-04-14 11:10:00,2026-04-14,20260414111000000,000963,5,34.45,34.48,34.4,34.4,241300,8307992.0
2026-04-14 11:15:00,2026-04-14,20260414111500000,000963,5,34.4,34.48,34.4,34.48,95700,3294900.0
2026-04-14 11:20:00,2026-04-14,20260414112000000,000963,5,34.45,34.53,34.45,34.5,66300,2287086.0
2026-04-14 11:25:00,2026-04-14,20260414112500000,000963,5,34.5,34.51,34.47,34.48,56400,1945217.0
2026-04-14 11:30:00,2026-04-14,20260414113000000,000963,5,34.49,34.53,34.47,34.51,58000,2001136.0
2026-04-14 13:05:00,2026-04-14,20260414130500000,000963,5,34.51,34.59,34.48,34.5,229400,7919723.96
2026-04-14 13:10:00,2026-04-14,20260414131000000,000963,5,34.49,34.52,34.39,34.42,354400,12198893.0
2026-04-14 13:15:00,2026-04-14,20260414131500000,000963,5,34.41,34.46,34.4,34.45,59600,2051742.0
2026-04-14 13:20:00,2026-04-14,20260414132000000,000963,5,34.44,34.48,34.43,34.45,75500,2601373.0
2026-04-14 13:25:00,2026-04-14,20260414132500000,000963,5,34.44,34.47,34.41,34.42,92300,3179022.0
2026-04-14 13:30:00,2026-04-14,20260414133000000,000963,5,34.42,34.46,34.4,34.46,118000,4061924.0
2026-04-14 13:35:00,2026-04-14,20260414133500000,000963,5,34.45,34.46,34.4,34.41,93800,3229157.0
2026-04-14 13:40:00,2026-04-14,20260414134000000,000963,5,34.4,34.53,34.4,34.53,112800,3888535.0
2026-04-14 13:45:00,2026-04-14,20260414134500000,000963,5,34.55,34.58,34.53,34.53,60200,2080268.0
2026-04-14 13:50:00,2026-04-14,20260414135000000,000963,5,34.53,34.57,34.52,34.56,75200,2598130.0
2026-04-14 13:55:00,2026-04-14,20260414135500000,000963,5,34.55,34.57,34.53,34.55,58100,2007500.0
2026-04-14 14:00:00,2026-04-14,20260414140000000,000963,5,34.55,34.56,34.53,34.55,51900,1792986.0
2026-04-14 14:05:00,2026-04-14,20260414140500000,000963,5,34.53,34.6,34.53,34.6,68778,2377561.02
2026-04-14 14:10:00,2026-04-14,20260414141000000,000963,5,34.6,34.77,34.6,34.76,149900,5197312.0
2026-04-14 14:15:00,2026-04-14,20260414141500000,000963,5,34.75,34.83,34.72,34.74,191420,6655640.4
2026-04-14 14:20:00,2026-04-14,20260414142000000,000963,5,34.74,34.78,34.73,34.77,66600,2314853.0
2026-04-14 14:25:00,2026-04-14,20260414142500000,000963,5,34.76,34.78,34.76,34.78,41300,1436050.0
2026-04-14 14:30:00,2026-04-14,20260414143000000,000963,5,34.78,34.82,34.78,34.81,79500,2767020.0
2026-04-14 14:35:00,2026-04-14,20260414143500000,000963,5,34.82,34.83,34.77,34.81,114500,3985236.0
2026-04-14 14:40:00,2026-04-14,20260414144000000,000963,5,34.82,34.89,34.8,34.89,190300,6632663.0
2026-04-14 14:45:00,2026-04-14,20260414144500000,000963,5,34.89,34.94,34.87,34.93,153900,5371218.0
2026-04-14 14:50:00,2026-04-14,20260414145000000,000963,5,34.93,34.98,34.93,34.98,235500,8232466.0
2026-04-14 14:55:00,2026-04-14,20260414145500000,000963,5,34.97,35.03,34.97,34.99,457200,16000620.6
2026-04-14 15:00:00,2026-04-14,20260414150000000,000963,5,35.0,35.04,34.98,35.0,311903,10917268.74
2026-04-15 09:35:00,2026-04-15,20260415093500000,000963,5,35.78,35.8,35.48,35.54,2611840,93197586.0
2026-04-15 09:40:00,2026-04-15,20260415094000000,000963,5,35.53,35.58,35.38,35.44,679400,24095879.0
2026-04-15 09:45:00,2026-04-15,20260415094500000,000963,5,35.45,35.5,35.35,35.36,541263,19172750.72
2026-04-15 09:50:00,2026-04-15,20260415095000000,000963,5,35.35,35.38,35.31,35.37,337100,11914192.0
2026-04-15 09:55:00,2026-04-15,20260415095500000,000963,5,35.37,35.56,35.33,35.55,378100,13391844.0
2026-04-15 10:00:00,2026-04-15,20260415100000000,000963,5,35.55,35.9,35.54,35.77,1576900,56364127.0
2026-04-15 10:05:00,2026-04-15,20260415100500000,000963,5,35.8,35.8,35.63,35.67,436900,15604815.87
2026-04-15 10:10:00,2026-04-15,20260415101000000,000963,5,35.69,35.73,35.54,35.65,354100,12609646.0
2026-04-15 10:15:00,2026-04-15,20260415101500000,000963,5,35.61,35.73,35.55,35.7,447000,15924634.0
2026-04-15 10:20:00,2026-04-15,20260415102000000,000963,5,35.7,35.73,35.62,35.7,510700,18216885.0
2026-04-15 10:25:00,2026-04-15,20260415102500000,000963,5,35.7,35.74,35.65,35.71,312900,11170794.0
2026-04-15 10:30:00,2026-04-15,20260415103000000,000963,5,35.71,35.73,35.59,35.62,335900,11982741.0
2026-04-15 10:35:00,2026-04-15,20260415103500000,000963,5,35.62,35.69,35.6,35.66,120200,4284317.0
2026-04-15 10:40:00,2026-04-15,20260415104000000,000963,5,35.66,35.73,35.64,35.68,265000,9456699.8
2026-04-15 10:45:00,2026-04-15,20260415104500000,000963,5,35.68,35.69,35.5,35.5,193900,6897453.0
2026-04-15 10:50:00,2026-04-15,20260415105000000,000963,5,35.51,35.52,35.44,35.49,156400,5549410.19
2026-04-15 10:55:00,2026-04-15,20260415105500000,000963,5,35.49,35.49,35.44,35.46,163500,5797484.0
2026-04-15 11:00:00,2026-04-15,20260415110000000,000963,5,35.46,35.47,35.4,35.4,135100,4787574.0
2026-04-15 11:05:00,2026-04-15,20260415110500000,000963,5,35.4,35.41,35.3,35.31,375700,13280951.0
2026-04-15 11:10:00,2026-04-15,20260415111000000,000963,5,35.31,35.33,35.3,35.32,130900,4622740.0
2026-04-15 11:15:00,2026-04-15,20260415111500000,000963,5,35.33,35.36,35.31,35.33,117200,4140849.0
2026-04-15 11:20:00,2026-04-15,20260415112000000,000963,5,35.32,35.37,35.31,35.36,144900,5119630.0
2026-04-15 11:25:00,2026-04-15,20260415112500000,000963,5,35.37,35.55,35.37,35.5,186800,6627305.0
2026-04-15 11:30:00,2026-04-15,20260415113000000,000963,5,35.5,35.58,35.39,35.49,118300,4199701.0
2026-04-15 13:05:00,2026-04-15,20260415130500000,000963,5,35.55,35.55,35.37,35.42,208400,7389225.12
2026-04-15 13:10:00,2026-04-15,20260415131000000,000963,5,35.46,35.54,35.39,35.48,139600,4954330.0
2026-04-15 13:15:00,2026-04-15,20260415131500000,000963,5,35.48,35.67,35.48,35.58,313700,11169070.0
2026-04-15 13:20:00,2026-04-15,20260415132000000,000963,5,35.58,35.75,35.51,35.63,404160,14408150.2
2026-04-15 13:25:00,2026-04-15,20260415132500000,000963,5,35.67,35.75,35.58,35.75,290200,10354371.0
2026-04-15 13:30:00,2026-04-15,20260415133000000,000963,5,35.72,35.73,35.63,35.64,237100,8459758.0
2026-04-15 13:35:00,2026-04-15,20260415133500000,000963,5,35.68,35.8,35.63,35.67,582280,20809560.2
2026-04-15 13:40:00,2026-04-15,20260415134000000,000963,5,35.66,35.66,35.58,35.6,175500,6251795.0
2026-04-15 13:45:00,2026-04-15,20260415134500000,000963,5,35.61,35.67,35.53,35.65,191800,6829713.0
2026-04-15 13:50:00,2026-04-15,20260415135000000,000963,5,35.64,35.68,35.63,35.64,166900,5950518.0
2026-04-15 13:55:00,2026-04-15,20260415135500000,000963,5,35.64,35.65,35.61,35.61,124600,4439451.0
2026-04-15 14:00:00,2026-04-15,20260415140000000,000963,5,35.61,35.61,35.55,35.57,97400,3465243.0
2026-04-15 14:05:00,2026-04-15,20260415140500000,000963,5,35.55,35.64,35.55,35.61,141200,5027536.0
2026-04-15 14:10:00,2026-04-15,20260415141000000,000963,5,35.61,35.61,35.56,35.6,155200,5523190.0
2026-04-15 14:15:00,2026-04-15,20260415141500000,000963,5,35.6,35.61,35.54,35.57,132500,4713498.0
2026-04-15 14:20:00,2026-04-15,20260415142000000,000963,5,35.57,35.6,35.53,35.6,205769,7317354.26
2026-04-15 14:25:00,2026-04-15,20260415142500000,000963,5,35.6,35.66,35.6,35.63,176300,6283058.0
2026-04-15 14:30:00,2026-04-15,20260415143000000,000963,5,35.63,35.68,35.62,35.67,148000,5275841.0
2026-04-15 14:35:00,2026-04-15,20260415143500000,000963,5,35.68,35.68,35.61,35.62,164800,5874382.0
2026-04-15 14:40:00,2026-04-15,20260415144000000,000963,5,35.61,35.61,35.56,35.59,132600,4719315.0
2026-04-15 14:45:00,2026-04-15,20260415144500000,000963,5,35.59,35.6,35.57,35.59,144500,5142270.0
2026-04-15 14:50:00,2026-04-15,20260415145000000,000963,5,35.58,35.64,35.58,35.64,220227,7842722.93
2026-04-15 14:55:00,2026-04-15,20260415145500000,000963,5,35.63,35.65,35.61,35.64,268163,9554445.06
2026-04-15 15:00:00,2026-04-15,20260415150000000,000963,5,35.64,35.67,35.64,35.67,304700,10866013.0
2026-04-16 09:35:00,2026-04-16,20260416093500000,000963,5,35.46,35.46,35.12,35.18,1346500,47508543.0
2026-04-16 09:40:00,2026-04-16,20260416094000000,000963,5,35.19,35.22,35.06,35.14,719400,25257451.0
2026-04-16 09:45:00,2026-04-16,20260416094500000,000963,5,35.12,35.21,35.07,35.1,441400,15505198.0
2026-04-16 09:50:00,2026-04-16,20260416095000000,000963,5,35.1,35.23,35.07,35.2,324600,11406069.0
2026-04-16 09:55:00,2026-04-16,20260416095500000,000963,5,35.19,35.29,35.12,35.23,235800,8298452.0
2026-04-16 10:00:00,2026-04-16,20260416100000000,000963,5,35.24,35.26,35.19,35.24,245551,8653772.22
2026-04-16 10:05:00,2026-04-16,20260416100500000,000963,5,35.23,35.29,35.19,35.2,246100,8672419.0
2026-04-16 10:10:00,2026-04-16,20260416101000000,000963,5,35.21,35.3,35.2,35.27,101200,3567847.0
2026-04-16 10:15:00,2026-04-16,20260416101500000,000963,5,35.27,35.28,35.22,35.24,83900,2957115.0
2026-04-16 10:20:00,2026-04-16,20260416102000000,000963,5,35.24,35.33,35.23,35.28,187100,6598941.0
2026-04-16 10:25:00,2026-04-16,20260416102500000,000963,5,35.28,35.36,35.28,35.33,155300,5486475.0
2026-04-16 10:30:00,2026-04-16,20260416103000000,000963,5,35.33,35.37,35.32,35.37,107300,3793140.0
2026-04-16 10:35:00,2026-04-16,20260416103500000,000963,5,35.37,35.42,35.29,35.29,171000,6047801.0
2026-04-16 10:40:00,2026-04-16,20260416104000000,000963,5,35.29,35.36,35.29,35.33,78300,2765992.0
2026-04-16 10:45:00,2026-04-16,20260416104500000,000963,5,35.33,35.43,35.33,35.38,156800,5549510.0
2026-04-16 10:50:00,2026-04-16,20260416105000000,000963,5,35.39,35.4,35.31,35.33,58000,2049500.0
2026-04-16 10:55:00,2026-04-16,20260416105500000,000963,5,35.34,35.35,35.3,35.31,45800,1617974.0
2026-04-16 11:00:00,2026-04-16,20260416110000000,000963,5,35.31,35.37,35.3,35.35,61000,2155785.0
2026-04-16 11:05:00,2026-04-16,20260416110500000,000963,5,35.35,35.37,35.3,35.33,373000,13170518.0
2026-04-16 11:10:00,2026-04-16,20260416111000000,000963,5,35.33,35.39,35.33,35.36,87800,3103935.0
2026-04-16 11:15:00,2026-04-16,20260416111500000,000963,5,35.36,35.38,35.32,35.34,84500,2987924.0
2026-04-16 11:20:00,2026-04-16,20260416112000000,000963,5,35.34,35.37,35.32,35.34,72200,2551826.0
2026-04-16 11:25:00,2026-04-16,20260416112500000,000963,5,35.35,35.35,35.31,35.35,64200,2268269.0
2026-04-16 11:30:00,2026-04-16,20260416113000000,000963,5,35.35,35.35,35.27,35.28,115500,4077600.0
2026-04-16 13:05:00,2026-04-16,20260416130500000,000963,5,35.29,35.29,34.95,34.97,1229500,43098323.0
2026-04-16 13:10:00,2026-04-16,20260416131000000,000963,5,34.96,34.96,34.88,34.9,589400,20574005.0
2026-04-16 13:15:00,2026-04-16,20260416131500000,000963,5,34.89,35.04,34.89,35.04,248800,8704791.0
2026-04-16 13:20:00,2026-04-16,20260416132000000,000963,5,35.03,35.1,34.99,35.05,261300,9153156.0
2026-04-16 13:25:00,2026-04-16,20260416132500000,000963,5,35.05,35.08,35.05,35.05,57400,2012424.0
2026-04-16 13:30:00,2026-04-16,20260416133000000,000963,5,35.05,35.08,35.04,35.07,92400,3239397.0
2026-04-16 13:35:00,2026-04-16,20260416133500000,000963,5,35.08,35.11,35.06,35.11,188800,6623804.0
2026-04-16 13:40:00,2026-04-16,20260416134000000,000963,5,35.11,35.14,35.07,35.08,180200,6323853.0
2026-04-16 13:45:00,2026-04-16,20260416134500000,000963,5,35.08,35.11,35.06,35.09,231200,8110264.0
2026-04-16 13:50:00,2026-04-16,20260416135000000,000963,5,35.1,35.11,35.08,35.09,70400,2470523.0
2026-04-16 13:55:00,2026-04-16,20260416135500000,000963,5,35.08,35.12,35.07,35.12,57300,2011041.0
2026-04-16 14:00:00,2026-04-16,20260416140000000,000963,5,35.11,35.13,35.09,35.13,137900,4842077.0
2026-04-16 14:05:00,2026-04-16,20260416140500000,000963,5,35.13,35.13,35.09,35.1,77100,2707169.0
2026-04-16 14:10:00,2026-04-16,20260416141000000,000963,5,35.1,35.13,35.08,35.12,112600,3952256.0
2026-04-16 14:15:00,2026-04-16,20260416141500000,000963,5,35.13,35.17,35.12,35.17,109300,3841487.0
2026-04-16 14:20:00,2026-04-16,20260416142000000,000963,5,35.17,35.19,35.15,35.17,146000,5135328.0
2026-04-16 14:25:00,2026-04-16,20260416142500000,000963,5,35.17,35.18,35.15,35.18,65400,2299688.0
2026-04-16 14:30:00,2026-04-16,20260416143000000,000963,5,35.18,35.21,35.17,35.21,155500,5472961.0
2026-04-16 14:35:00,2026-04-16,20260416143500000,000963,5,35.21,35.22,35.2,35.21,92000,3239194.0
2026-04-16 14:40:00,2026-04-16,20260416144000000,000963,5,35.2,35.21,35.18,35.19,127600,4491008.0
2026-04-16 14:45:00,2026-04-16,20260416144500000,000963,5,35.2,35.21,35.18,35.2,161300,5677129.0
2026-04-16 14:50:00,2026-04-16,20260416145000000,000963,5,35.2,35.28,35.2,35.27,190500,6713337.0
2026-04-16 14:55:00,2026-04-16,20260416145500000,000963,5,35.27,35.31,35.25,35.3,304900,10755541.0
2026-04-16 15:00:00,2026-04-16,20260416150000000,000963,5,35.29,35.31,35.28,35.29,253400,8943295.0
2026-04-17 09:35:00,2026-04-17,20260417093500000,000963,5,35.13,35.13,34.91,35.0,661100,23155791.0
2026-04-17 09:40:00,2026-04-17,20260417094000000,000963,5,35.0,35.0,34.76,34.79,815900,28438548.0
2026-04-17 09:45:00,2026-04-17,20260417094500000,000963,5,34.79,34.82,34.68,34.77,676800,23510319.0
2026-04-17 09:50:00,2026-04-17,20260417095000000,000963,5,34.77,34.82,34.71,34.73,356800,12402862.0
2026-04-17 09:55:00,2026-04-17,20260417095500000,000963,5,34.72,34.75,34.65,34.65,535500,18575229.0
2026-04-17 10:00:00,2026-04-17,20260417100000000,000963,5,34.65,34.65,34.61,34.63,424200,14688797.0
2026-04-17 10:05:00,2026-04-17,20260417100500000,000963,5,34.65,34.69,34.59,34.65,417800,14466079.0
2026-04-17 10:10:00,2026-04-17,20260417101000000,000963,5,34.61,34.64,34.6,34.6,230800,7989290.0
2026-04-17 10:15:00,2026-04-17,20260417101500000,000963,5,34.59,34.62,34.57,34.58,216400,7486500.0
2026-04-17 10:20:00,2026-04-17,20260417102000000,000963,5,34.58,34.61,34.57,34.59,155600,5382890.0
2026-04-17 10:25:00,2026-04-17,20260417102500000,000963,5,34.59,34.63,34.58,34.63,139400,4823292.0
2026-04-17 10:30:00,2026-04-17,20260417103000000,000963,5,34.62,34.64,34.6,34.64,123300,4268024.0
2026-04-17 10:35:00,2026-04-17,20260417103500000,000963,5,34.65,34.67,34.62,34.67,96600,3346890.0
2026-04-17 10:40:00,2026-04-17,20260417104000000,000963,5,34.66,34.67,34.61,34.61,160800,5570236.0
2026-04-17 10:45:00,2026-04-17,20260417104500000,000963,5,34.61,34.63,34.6,34.61,118700,4108768.0
2026-04-17 10:50:00,2026-04-17,20260417105000000,000963,5,34.61,34.62,34.6,34.6,125640,4348047.0
2026-04-17 10:55:00,2026-04-17,20260417105500000,000963,5,34.6,34.63,34.59,34.59,116900,4045261.0
2026-04-17 11:00:00,2026-04-17,20260417110000000,000963,5,34.6,34.6,34.53,34.53,313700,10845327.0
2026-04-17 11:05:00,2026-04-17,20260417110500000,000963,5,34.53,34.54,34.5,34.53,225900,7797394.0
2026-04-17 11:10:00,2026-04-17,20260417111000000,000963,5,34.52,34.53,34.51,34.51,137900,4759824.0
2026-04-17 11:15:00,2026-04-17,20260417111500000,000963,5,34.52,34.53,34.48,34.49,363300,12535315.0
2026-04-17 11:20:00,2026-04-17,20260417112000000,000963,5,34.49,34.53,34.48,34.48,102400,3532259.0
2026-04-17 11:25:00,2026-04-17,20260417112500000,000963,5,34.48,34.5,34.45,34.45,186700,6436148.0
2026-04-17 11:30:00,2026-04-17,20260417113000000,000963,5,34.45,34.49,34.45,34.47,91500,3153818.0
2026-04-17 13:05:00,2026-04-17,20260417130500000,000963,5,34.47,34.53,34.45,34.48,231200,7970522.0
2026-04-17 13:10:00,2026-04-17,20260417131000000,000963,5,34.48,34.53,34.47,34.5,110200,3800522.0
2026-04-17 13:15:00,2026-04-17,20260417131500000,000963,5,34.5,34.51,34.5,34.5,69300,2391122.0
2026-04-17 13:20:00,2026-04-17,20260417132000000,000963,5,34.5,34.5,34.47,34.48,135400,4668363.0
2026-04-17 13:25:00,2026-04-17,20260417132500000,000963,5,34.48,34.51,34.47,34.51,93000,3207412.0
2026-04-17 13:30:00,2026-04-17,20260417133000000,000963,5,34.5,34.51,34.47,34.49,137600,4746272.0
2026-04-17 13:35:00,2026-04-17,20260417133500000,000963,5,34.49,34.49,34.48,34.49,86600,2986506.0
2026-04-17 13:40:00,2026-04-17,20260417134000000,000963,5,34.49,34.52,34.48,34.52,120700,4163125.0
2026-04-17 13:45:00,2026-04-17,20260417134500000,000963,5,34.52,34.52,34.49,34.51,81300,2805189.0
2026-04-17 13:50:00,2026-04-17,20260417135000000,000963,5,34.51,34.59,34.5,34.59,129500,4474401.0
2026-04-17 13:55:00,2026-04-17,20260417135500000,000963,5,34.6,34.61,34.58,34.59,90900,3144121.0
2026-04-17 14:00:00,2026-04-17,20260417140000000,000963,5,34.59,34.59,34.52,34.52,115400,3987485.0
2026-04-17 14:05:00,2026-04-17,20260417140500000,000963,5,34.52,34.54,34.51,34.53,90500,3124429.0
2026-04-17 14:10:00,2026-04-17,20260417141000000,000963,5,34.53,34.57,34.48,34.49,335000,11561622.0
2026-04-17 14:15:00,2026-04-17,20260417141500000,000963,5,34.49,34.5,34.43,34.43,503000,17330293.0
2026-04-17 14:20:00,2026-04-17,20260417142000000,000963,5,34.43,34.44,34.4,34.41,263000,9051838.0
2026-04-17 14:25:00,2026-04-17,20260417142500000,000963,5,34.41,34.45,34.4,34.44,153700,5290024.0
2026-04-17 14:30:00,2026-04-17,20260417143000000,000963,5,34.45,34.46,34.42,34.42,96200,3313444.0
2026-04-17 14:35:00,2026-04-17,20260417143500000,000963,5,34.42,34.44,34.41,34.44,141100,4856915.0
2026-04-17 14:40:00,2026-04-17,20260417144000000,000963,5,34.44,34.46,34.42,34.44,165000,5682696.0
2026-04-17 14:45:00,2026-04-17,20260417144500000,000963,5,34.44,34.44,34.4,34.42,449900,15481115.0
2026-04-17 14:50:00,2026-04-17,20260417145000000,000963,5,34.42,34.46,34.4,34.41,355600,12235945.0
2026-04-17 14:55:00,2026-04-17,20260417145500000,000963,5,34.42,34.44,34.41,34.42,195463,6728947.46
2026-04-17 15:00:00,2026-04-17,20260417150000000,000963,5,34.42,34.45,34.41,34.45,211250,7274983.87
2026-04-20 09:35:00,2026-04-20,20260420093500000,000963,5,34.35,34.4,34.26,34.4,471400,16178247.0
2026-04-20 09:40:00,2026-04-20,20260420094000000,000963,5,34.38,34.44,34.32,34.4,236300,8122713.0
2026-04-20 09:45:00,2026-04-20,20260420094500000,000963,5,34.41,34.41,34.25,34.34,365325,12533825.0
2026-04-20 09:50:00,2026-04-20,20260420095000000,000963,5,34.34,34.45,34.33,34.42,183776,6323084.36
2026-04-20 09:55:00,2026-04-20,20260420095500000,000963,5,34.43,34.45,34.39,34.42,178700,6149680.0
2026-04-20 10:00:00,2026-04-20,20260420100000000,000963,5,34.43,34.48,34.42,34.42,188100,6481011.0
2026-04-20 10:05:00,2026-04-20,20260420100500000,000963,5,34.43,34.43,34.34,34.34,207300,7129291.0
2026-04-20 10:10:00,2026-04-20,20260420101000000,000963,5,34.34,34.36,34.27,34.29,269500,9246446.0
2026-04-20 10:15:00,2026-04-20,20260420101500000,000963,5,34.29,34.34,34.29,34.34,84200,2889277.0
2026-04-20 10:20:00,2026-04-20,20260420102000000,000963,5,34.34,34.38,34.32,34.33,133200,4574264.0
2026-04-20 10:25:00,2026-04-20,20260420102500000,000963,5,34.34,34.35,34.32,34.35,64800,2224823.0
2026-04-20 10:30:00,2026-04-20,20260420103000000,000963,5,34.35,34.4,34.34,34.39,94000,3231610.0
2026-04-20 10:35:00,2026-04-20,20260420103500000,000963,5,34.39,34.39,34.34,34.37,86300,2965678.0
2026-04-20 10:40:00,2026-04-20,20260420104000000,000963,5,34.37,34.38,34.3,34.3,253300,8692256.0
2026-04-20 10:45:00,2026-04-20,20260420104500000,000963,5,34.3,34.32,34.29,34.29,108600,3725027.0
2026-04-20 10:50:00,2026-04-20,20260420105000000,000963,5,34.27,34.28,34.24,34.24,448900,15380348.0
2026-04-20 10:55:00,2026-04-20,20260420105500000,000963,5,34.25,34.34,34.23,34.32,138200,4733840.0
2026-04-20 11:00:00,2026-04-20,20260420110000000,000963,5,34.32,34.36,34.3,34.35,56800,1950160.0
2026-04-20 11:05:00,2026-04-20,20260420110500000,000963,5,34.36,34.4,34.35,34.37,120640,4147549.15
2026-04-20 11:10:00,2026-04-20,20260420111000000,000963,5,34.36,34.4,34.36,34.4,68283,2348185.52
2026-04-20 11:15:00,2026-04-20,20260420111500000,000963,5,34.4,34.41,34.36,34.36,51042,1755488.06
2026-04-20 11:20:00,2026-04-20,20260420112000000,000963,5,34.36,34.38,34.25,34.32,138811,4762414.32
2026-04-20 11:25:00,2026-04-20,20260420112500000,000963,5,34.32,34.38,34.28,34.33,56570,1941528.4
2026-04-20 11:30:00,2026-04-20,20260420113000000,000963,5,34.33,34.4,34.33,34.38,64573,2219447.65
2026-04-20 13:05:00,2026-04-20,20260420130500000,000963,5,34.37,34.49,34.36,34.44,289210,9958752.07
2026-04-20 13:10:00,2026-04-20,20260420131000000,000963,5,34.43,34.48,34.4,34.46,184072,6340395.44
2026-04-20 13:15:00,2026-04-20,20260420131500000,000963,5,34.47,34.48,34.41,34.43,112934,3889582.38
2026-04-20 13:20:00,2026-04-20,20260420132000000,000963,5,34.43,34.53,34.4,34.51,268871,9271536.0
2026-04-20 13:25:00,2026-04-20,20260420132500000,000963,5,34.52,34.52,34.43,34.45,150226,5179046.32
2026-04-20 13:30:00,2026-04-20,20260420133000000,000963,5,34.46,34.48,34.43,34.44,144014,4961776.18
2026-04-20 13:35:00,2026-04-20,20260420133500000,000963,5,34.44,34.45,34.35,34.36,213589,7345683.77
2026-04-20 13:40:00,2026-04-20,20260420134000000,000963,5,34.36,34.37,34.31,34.35,185771,6380536.59
2026-04-20 13:45:00,2026-04-20,20260420134500000,000963,5,34.35,34.4,34.34,34.38,85327,2931805.35
2026-04-20 13:50:00,2026-04-20,20260420135000000,000963,5,34.39,34.43,34.38,34.42,101681,3498315.16
2026-04-20 13:55:00,2026-04-20,20260420135500000,000963,5,34.42,34.43,34.39,34.42,80120,2757088.14
2026-04-20 14:00:00,2026-04-20,20260420140000000,000963,5,34.42,34.43,34.4,34.42,83985,2890391.52
2026-04-20 14:05:00,2026-04-20,20260420140500000,000963,5,34.42,34.43,34.33,34.37,128959,4432577.6
2026-04-20 14:10:00,2026-04-20,20260420141000000,000963,5,34.36,34.38,34.35,34.36,88287,3033873.37
2026-04-20 14:15:00,2026-04-20,20260420141500000,000963,5,34.37,34.38,34.33,34.34,128854,4426848.5
2026-04-20 14:20:00,2026-04-20,20260420142000000,000963,5,34.34,34.37,34.33,34.36,82016,2817791.97
2026-04-20 14:25:00,2026-04-20,20260420142500000,000963,5,34.37,34.4,34.36,34.39,102411,3520654.22
2026-04-20 14:30:00,2026-04-20,20260420143000000,000963,5,34.39,34.41,34.39,34.39,99175,3411811.12
2026-04-20 14:35:00,2026-04-20,20260420143500000,000963,5,34.39,34.4,34.38,34.38,84243,2897379.52
2026-04-20 14:40:00,2026-04-20,20260420144000000,000963,5,34.38,34.39,34.35,34.37,164242,5644074.72
2026-04-20 14:45:00,2026-04-20,20260420144500000,000963,5,34.36,34.39,34.36,34.38,139403,4791614.08
2026-04-20 14:50:00,2026-04-20,20260420145000000,000963,5,34.38,34.41,34.37,34.41,130162,4475586.54
2026-04-20 14:55:00,2026-04-20,20260420145500000,000963,5,34.4,34.46,34.4,34.45,238106,8200405.64
2026-04-20 15:00:00,2026-04-20,20260420150000000,000963,5,34.45,34.45,34.43,34.43,224437,7728525.28
2026-04-21 09:35:00,2026-04-21,20260421093500000,000963,5,34.43,34.65,34.37,34.65,451750,15600160.6
2026-04-21 09:40:00,2026-04-21,20260421094000000,000963,5,34.65,34.77,34.54,34.54,435550,15087881.13
2026-04-21 09:45:00,2026-04-21,20260421094500000,000963,5,34.54,34.6,34.42,34.42,348000,12004614.63
2026-04-21 09:50:00,2026-04-21,20260421095000000,000963,5,34.44,34.44,34.36,34.39,347800,11964352.0
2026-04-21 09:55:00,2026-04-21,20260421095500000,000963,5,34.39,34.42,34.34,34.34,219500,7543365.0
2026-04-21 10:00:00,2026-04-21,20260421100000000,000963,5,34.35,34.36,34.26,34.3,220200,7554353.0
2026-04-21 10:05:00,2026-04-21,20260421100500000,000963,5,34.3,34.31,34.24,34.26,205000,7025476.0
2026-04-21 10:10:00,2026-04-21,20260421101000000,000963,5,34.26,34.3,34.25,34.26,110700,3794176.0
2026-04-21 10:15:00,2026-04-21,20260421101500000,000963,5,34.27,34.32,34.23,34.23,174600,5980445.0
2026-04-21 10:20:00,2026-04-21,20260421102000000,000963,5,34.22,34.23,34.2,34.22,177676,6079466.2
2026-04-21 10:25:00,2026-04-21,20260421102500000,000963,5,34.23,34.23,34.21,34.22,105300,3602992.0
2026-04-21 10:30:00,2026-04-21,20260421103000000,000963,5,34.22,34.26,34.21,34.24,82500,2824254.0
2026-04-21 10:35:00,2026-04-21,20260421103500000,000963,5,34.24,34.28,34.22,34.22,66400,2273624.0
2026-04-21 10:40:00,2026-04-21,20260421104000000,000963,5,34.22,34.25,34.21,34.24,54000,1848495.0
2026-04-21 10:45:00,2026-04-21,20260421104500000,000963,5,34.24,34.25,34.22,34.22,75303,2577922.66
2026-04-21 10:50:00,2026-04-21,20260421105000000,000963,5,34.23,34.23,34.21,34.22,114902,3931255.39
2026-04-21 10:55:00,2026-04-21,20260421105500000,000963,5,34.22,34.23,34.21,34.21,103600,3544634.0
2026-04-21 11:00:00,2026-04-21,20260421110000000,000963,5,34.22,34.24,34.21,34.21,76100,2603980.0
2026-04-21 11:05:00,2026-04-21,20260421110500000,000963,5,34.21,34.22,34.2,34.21,127495,4361100.95
2026-04-21 11:10:00,2026-04-21,20260421111000000,000963,5,34.21,34.22,34.2,34.2,51900,1775589.0
2026-04-21 11:15:00,2026-04-21,20260421111500000,000963,5,34.2,34.21,34.16,34.16,254494,8701273.0
2026-04-21 11:20:00,2026-04-21,20260421112000000,000963,5,34.15,34.17,34.12,34.12,115940,3959125.76
2026-04-21 11:25:00,2026-04-21,20260421112500000,000963,5,34.12,34.15,34.12,34.13,91442,3120835.57
2026-04-21 11:30:00,2026-04-21,20260421113000000,000963,5,34.14,34.14,34.12,34.12,95086,3244977.57
2026-04-21 13:05:00,2026-04-21,20260421130500000,000963,5,34.12,34.12,34.07,34.08,414539,14134259.68
2026-04-21 13:10:00,2026-04-21,20260421131000000,000963,5,34.08,34.12,34.08,34.1,113600,3873747.0
2026-04-21 13:15:00,2026-04-21,20260421131500000,000963,5,34.11,34.14,34.09,34.1,108300,3693549.0
2026-04-21 13:20:00,2026-04-21,20260421132000000,000963,5,34.1,34.12,34.06,34.07,301300,10270853.0
2026-04-21 13:25:00,2026-04-21,20260421132500000,000963,5,34.06,34.07,34.04,34.06,201500,6861593.0
2026-04-21 13:30:00,2026-04-21,20260421133000000,000963,5,34.05,34.09,34.05,34.07,91500,3117293.0
2026-04-21 13:35:00,2026-04-21,20260421133500000,000963,5,34.07,34.08,34.06,34.07,122800,4183147.0
2026-04-21 13:40:00,2026-04-21,20260421134000000,000963,5,34.07,34.08,34.06,34.08,110800,3775134.0
2026-04-21 13:45:00,2026-04-21,20260421134500000,000963,5,34.09,34.11,34.08,34.11,88600,3020957.0
2026-04-21 13:50:00,2026-04-21,20260421135000000,000963,5,34.11,34.12,34.07,34.08,245587,8371982.09
2026-04-21 13:55:00,2026-04-21,20260421135500000,000963,5,34.07,34.09,34.07,34.07,81068,2762551.76
2026-04-21 14:00:00,2026-04-21,20260421140000000,000963,5,34.07,34.09,34.07,34.07,63339,2158384.73
2026-04-21 14:05:00,2026-04-21,20260421140500000,000963,5,34.08,34.08,34.06,34.07,120906,4118917.42
2026-04-21 14:10:00,2026-04-21,20260421141000000,000963,5,34.07,34.08,34.06,34.07,61100,2081659.0
2026-04-21 14:15:00,2026-04-21,20260421141500000,000963,5,34.07,34.08,34.05,34.06,100200,3413276.0
2026-04-21 14:20:00,2026-04-21,20260421142000000,000963,5,34.05,34.07,34.05,34.06,118100,4022390.0
2026-04-21 14:25:00,2026-04-21,20260421142500000,000963,5,34.07,34.07,34.06,34.07,74200,2527675.0
2026-04-21 14:30:00,2026-04-21,20260421143000000,000963,5,34.07,34.08,34.06,34.07,64100,2183839.0
2026-04-21 14:35:00,2026-04-21,20260421143500000,000963,5,34.07,34.15,34.07,34.12,116630,3977568.3
2026-04-21 14:40:00,2026-04-21,20260421144000000,000963,5,34.12,34.12,34.08,34.08,78374,2672036.72
2026-04-21 14:45:00,2026-04-21,20260421144500000,000963,5,34.07,34.1,34.07,34.08,101754,3467985.08
2026-04-21 14:50:00,2026-04-21,20260421145000000,000963,5,34.08,34.12,34.08,34.11,138067,4708062.11
2026-04-21 14:55:00,2026-04-21,20260421145500000,000963,5,34.11,34.13,34.08,34.08,317738,10836667.29
2026-04-21 15:00:00,2026-04-21,20260421150000000,000963,5,34.09,34.11,34.07,34.07,308588,10517439.08
2026-04-22 09:35:00,2026-04-22,20260422093500000,000963,5,33.99,34.11,33.98,34.05,388300,13205862.0
2026-04-22 09:40:00,2026-04-22,20260422094000000,000963,5,34.08,34.2,34.05,34.16,349100,11923047.0
2026-04-22 09:45:00,2026-04-22,20260422094500000,000963,5,34.17,34.26,34.13,34.14,267800,9156020.3
2026-04-22 09:50:00,2026-04-22,20260422095000000,000963,5,34.14,34.15,34.07,34.07,260048,8870035.06
2026-04-22 09:55:00,2026-04-22,20260422095500000,000963,5,34.07,34.13,34.07,34.08,229735,7834066.77
2026-04-22 10:00:00,2026-04-22,20260422100000000,000963,5,34.08,34.09,34.05,34.05,162106,5523316.95
2026-04-22 10:05:00,2026-04-22,20260422100500000,000963,5,34.05,34.08,34.03,34.05,134040,4564863.78
2026-04-22 10:10:00,2026-04-22,20260422101000000,000963,5,34.04,34.08,34.03,34.08,100740,3431232.01
2026-04-22 10:15:00,2026-04-22,20260422101500000,000963,5,34.08,34.11,34.06,34.11,91225,3109281.06
2026-04-22 10:20:00,2026-04-22,20260422102000000,000963,5,34.11,34.11,34.06,34.09,103723,3534512.38
2026-04-22 10:25:00,2026-04-22,20260422102500000,000963,5,34.09,34.1,34.08,34.09,49899,1700972.61
2026-04-22 10:30:00,2026-04-22,20260422103000000,000963,5,34.08,34.11,34.07,34.09,82918,2826890.42
2026-04-22 10:35:00,2026-04-22,20260422103500000,000963,5,34.09,34.12,34.06,34.12,84682,2886280.85
2026-04-22 10:40:00,2026-04-22,20260422104000000,000963,5,34.12,34.17,34.1,34.1,111509,3806365.58
2026-04-22 10:45:00,2026-04-22,20260422104500000,000963,5,34.1,34.13,34.09,34.12,65401,2230704.15
2026-04-22 10:50:00,2026-04-22,20260422105000000,000963,5,34.12,34.12,34.08,34.1,60273,2055052.36
2026-04-22 10:55:00,2026-04-22,20260422105500000,000963,5,34.09,34.16,34.09,34.11,97066,3313002.34
2026-04-22 11:00:00,2026-04-22,20260422110000000,000963,5,34.11,34.14,34.08,34.1,107514,3667371.28
2026-04-22 11:05:00,2026-04-22,20260422110500000,000963,5,34.1,34.12,34.09,34.09,44958,1533039.9
2026-04-22 11:10:00,2026-04-22,20260422111000000,000963,5,34.09,34.11,34.08,34.08,54953,1873398.64
2026-04-22 11:15:00,2026-04-22,20260422111500000,000963,5,34.08,34.09,34.08,34.08,62360,2125360.8
2026-04-22 11:20:00,2026-04-22,20260422112000000,000963,5,34.09,34.09,34.07,34.08,45682,1556722.2
2026-04-22 11:25:00,2026-04-22,20260422112500000,000963,5,34.07,34.08,34.06,34.07,53581,1825256.5
2026-04-22 11:30:00,2026-04-22,20260422113000000,000963,5,34.06,34.08,34.06,34.07,41882,1426744.92
2026-04-22 13:05:00,2026-04-22,20260422130500000,000963,5,34.08,34.08,34.06,34.07,88005,2998400.3
2026-04-22 13:10:00,2026-04-22,20260422131000000,000963,5,34.06,34.08,34.05,34.06,54944,1871486.64
2026-04-22 13:15:00,2026-04-22,20260422131500000,000963,5,34.06,34.08,34.06,34.06,57861,1970977.33
2026-04-22 13:20:00,2026-04-22,20260422132000000,000963,5,34.06,34.1,34.06,34.09,123046,4193328.18
2026-04-22 13:25:00,2026-04-22,20260422132500000,000963,5,34.09,34.15,34.08,34.14,148943,5080903.82
2026-04-22 13:30:00,2026-04-22,20260422133000000,000963,5,34.14,34.17,34.13,34.14,117864,4025264.69
2026-04-22 13:35:00,2026-04-22,20260422133500000,000963,5,34.15,34.2,34.14,34.19,216420,7395232.73
2026-04-22 13:40:00,2026-04-22,20260422134000000,000963,5,34.19,34.19,34.14,34.14,70934,2422934.25
2026-04-22 13:45:00,2026-04-22,20260422134500000,000963,5,34.15,34.15,34.12,34.13,47296,1614667.51
2026-04-22 13:50:00,2026-04-22,20260422135000000,000963,5,34.12,34.13,34.07,34.08,130263,4440960.63
2026-04-22 13:55:00,2026-04-22,20260422135500000,000963,5,34.07,34.08,34.06,34.06,236034,8040318.69
2026-04-22 14:00:00,2026-04-22,20260422140000000,000963,5,34.07,34.07,34.04,34.05,130444,4441861.55
2026-04-22 14:05:00,2026-04-22,20260422140500000,000963,5,34.05,34.06,34.03,34.03,128798,4384306.92
2026-04-22 14:10:00,2026-04-22,20260422141000000,000963,5,34.04,34.08,34.04,34.06,159659,5438045.94
2026-04-22 14:15:00,2026-04-22,20260422141500000,000963,5,34.06,34.07,34.05,34.06,182368,6210132.73
2026-04-22 14:20:00,2026-04-22,20260422142000000,000963,5,34.06,34.1,34.05,34.08,101378,3454196.2
2026-04-22 14:25:00,2026-04-22,20260422142500000,000963,5,34.08,34.1,34.07,34.08,96635,3293180.58
2026-04-22 14:30:00,2026-04-22,20260422143000000,000963,5,34.08,34.09,34.06,34.06,99060,3375207.97
2026-04-22 14:35:00,2026-04-22,20260422143500000,000963,5,34.07,34.09,34.06,34.08,110480,3764234.46
2026-04-22 14:40:00,2026-04-22,20260422144000000,000963,5,34.08,34.14,34.07,34.13,89257,3043737.3
2026-04-22 14:45:00,2026-04-22,20260422144500000,000963,5,34.13,34.19,34.13,34.14,191216,6530117.1
2026-04-22 14:50:00,2026-04-22,20260422145000000,000963,5,34.14,34.16,34.11,34.14,172425,5886523.04
2026-04-22 14:55:00,2026-04-22,20260422145500000,000963,5,34.15,34.15,34.1,34.14,249145,8503523.5
2026-04-22 15:00:00,2026-04-22,20260422150000000,000963,5,34.14,34.17,34.13,34.16,184957,6317840.8
2026-04-23 09:35:00,2026-04-23,20260423093500000,000963,5,34.18,34.27,34.09,34.24,655639,22412328.45
2026-04-23 09:40:00,2026-04-23,20260423094000000,000963,5,34.22,34.3,34.01,34.09,908811,31040836.11
2026-04-23 09:45:00,2026-04-23,20260423094500000,000963,5,34.09,34.2,34.04,34.09,470579,16038598.32
2026-04-23 09:50:00,2026-04-23,20260423095000000,000963,5,34.1,34.34,34.09,34.34,515385,17641760.7
2026-04-23 09:55:00,2026-04-23,20260423095500000,000963,5,34.34,34.53,34.34,34.46,1254945,43245283.35
2026-04-23 10:00:00,2026-04-23,20260423100000000,000963,5,34.43,34.57,34.32,34.32,566302,19529206.58
2026-04-23 10:05:00,2026-04-23,20260423100500000,000963,5,34.32,34.44,34.32,34.41,288217,9911102.41
2026-04-23 10:10:00,2026-04-23,20260423101000000,000963,5,34.41,34.41,34.3,34.31,319935,10992218.55
2026-04-23 10:15:00,2026-04-23,20260423101500000,000963,5,34.31,34.36,34.27,34.27,150588,5166142.8
2026-04-23 10:20:00,2026-04-23,20260423102000000,000963,5,34.28,34.29,34.21,34.26,205728,7046492.46
2026-04-23 10:25:00,2026-04-23,20260423102500000,000963,5,34.25,34.3,34.25,34.26,140605,4819612.84
2026-04-23 10:30:00,2026-04-23,20260423103000000,000963,5,34.27,34.28,34.23,34.27,139960,4795306.8
2026-04-23 10:35:00,2026-04-23,20260423103500000,000963,5,34.26,34.36,34.26,34.32,513510,17635342.98
2026-04-23 10:40:00,2026-04-23,20260423104000000,000963,5,34.32,34.32,34.27,34.27,148346,5088200.06
2026-04-23 10:45:00,2026-04-23,20260423104500000,000963,5,34.28,34.28,34.23,34.24,107913,3696177.11
2026-04-23 10:50:00,2026-04-23,20260423105000000,000963,5,34.23,34.24,34.2,34.21,175451,6003010.51
2026-04-23 10:55:00,2026-04-23,20260423105500000,000963,5,34.21,34.23,34.2,34.21,84917,2905389.7
2026-04-23 11:00:00,2026-04-23,20260423110000000,000963,5,34.24,34.24,34.17,34.17,199856,6836049.37
2026-04-23 11:05:00,2026-04-23,20260423110500000,000963,5,34.17,34.19,34.14,34.15,104946,3585621.82
2026-04-23 11:10:00,2026-04-23,20260423111000000,000963,5,34.15,34.17,34.12,34.13,77114,2632556.28
2026-04-23 11:15:00,2026-04-23,20260423111500000,000963,5,34.13,34.15,34.11,34.12,127746,4359516.52
2026-04-23 11:20:00,2026-04-23,20260423112000000,000963,5,34.11,34.15,34.11,34.12,131600,4490819.0
2026-04-23 11:25:00,2026-04-23,20260423112500000,000963,5,34.12,34.13,34.07,34.07,274221,9350683.68
2026-04-23 11:30:00,2026-04-23,20260423113000000,000963,5,34.07,34.08,34.05,34.06,101100,3443963.0
2026-04-23 13:05:00,2026-04-23,20260423130500000,000963,5,34.07,34.17,34.07,34.15,133140,4540454.0
2026-04-23 13:10:00,2026-04-23,20260423131000000,000963,5,34.15,34.15,34.12,34.15,51200,1747665.0
2026-04-23 13:15:00,2026-04-23,20260423131500000,000963,5,34.15,34.19,34.13,34.14,143666,4907916.58
2026-04-23 13:20:00,2026-04-23,20260423132000000,000963,5,34.14,34.16,34.13,34.13,38700,1321197.0
2026-04-23 13:25:00,2026-04-23,20260423132500000,000963,5,34.12,34.13,34.09,34.12,134834,4599453.42
2026-04-23 13:30:00,2026-04-23,20260423133000000,000963,5,34.12,34.15,34.07,34.1,81500,2778947.68
2026-04-23 13:35:00,2026-04-23,20260423133500000,000963,5,34.1,34.15,34.1,34.13,47100,1607748.0
2026-04-23 13:40:00,2026-04-23,20260423134000000,000963,5,34.13,34.14,34.09,34.09,106200,3623002.0
2026-04-23 13:45:00,2026-04-23,20260423134500000,000963,5,34.09,34.1,34.07,34.08,67000,2283377.0
2026-04-23 13:50:00,2026-04-23,20260423135000000,000963,5,34.08,34.1,34.07,34.09,59400,2024598.0
2026-04-23 13:55:00,2026-04-23,20260423135500000,000963,5,34.08,34.1,34.06,34.07,102240,3483965.6
2026-04-23 14:00:00,2026-04-23,20260423140000000,000963,5,34.07,34.1,34.07,34.1,176545,6017338.6
2026-04-23 14:05:00,2026-04-23,20260423140500000,000963,5,34.1,34.11,34.06,34.06,268100,9136290.0
2026-04-23 14:10:00,2026-04-23,20260423141000000,000963,5,34.05,34.07,34.05,34.05,282680,9625737.0
2026-04-23 14:15:00,2026-04-23,20260423141500000,000963,5,34.05,34.06,34.04,34.05,146420,4986114.0
2026-04-23 14:20:00,2026-04-23,20260423142000000,000963,5,34.04,34.06,34.04,34.04,76700,2611281.0
2026-04-23 14:25:00,2026-04-23,20260423142500000,000963,5,34.05,34.07,34.04,34.07,84000,2860630.0
2026-04-23 14:30:00,2026-04-23,20260423143000000,000963,5,34.07,34.08,34.05,34.06,107100,3647345.0
2026-04-23 14:35:00,2026-04-23,20260423143500000,000963,5,34.05,34.05,34.04,34.05,155800,5303925.0
2026-04-23 14:40:00,2026-04-23,20260423144000000,000963,5,34.05,34.08,34.04,34.07,90300,3075437.0
2026-04-23 14:45:00,2026-04-23,20260423144500000,000963,5,34.07,34.11,34.06,34.11,122500,4175366.0
2026-04-23 14:50:00,2026-04-23,20260423145000000,000963,5,34.1,34.14,34.1,34.12,173800,5929852.0
2026-04-23 14:55:00,2026-04-23,20260423145500000,000963,5,34.12,34.13,34.08,34.09,279100,9518612.0
2026-04-23 15:00:00,2026-04-23,20260423150000000,000963,5,34.09,34.11,34.09,34.09,187800,6402988.63
2026-04-24 09:35:00,2026-04-24,20260424093500000,000963,5,34.35,34.5,34.21,34.4,2123079,73016035.4
2026-04-24 09:40:00,2026-04-24,20260424094000000,000963,5,34.41,34.65,34.35,34.58,1754120,60579182.0
2026-04-24 09:45:00,2026-04-24,20260424094500000,000963,5,34.59,35.31,34.56,35.29,3537413,123556708.48
2026-04-24 09:50:00,2026-04-24,20260424095000000,000963,5,35.29,35.3,34.88,34.9,1250624,43972495.0
2026-04-24 09:55:00,2026-04-24,20260424095500000,000963,5,34.9,34.95,34.83,34.93,522000,18215464.0
2026-04-24 10:00:00,2026-04-24,20260424100000000,000963,5,34.93,34.97,34.77,34.8,570180,19874298.0
2026-04-24 10:05:00,2026-04-24,20260424100500000,000963,5,34.81,34.87,34.77,34.87,340000,11840473.0
2026-04-24 10:10:00,2026-04-24,20260424101000000,000963,5,34.87,34.9,34.84,34.87,223080,7777285.0
2026-04-24 10:15:00,2026-04-24,20260424101500000,000963,5,34.87,35.15,34.87,34.95,559174,19582164.18
2026-04-24 10:20:00,2026-04-24,20260424102000000,000963,5,34.95,35.11,34.95,35.06,320900,11239376.0
2026-04-24 10:25:00,2026-04-24,20260424102500000,000963,5,35.06,35.24,35.04,35.24,806005,28327214.85
2026-04-24 10:30:00,2026-04-24,20260424103000000,000963,5,35.23,35.24,35.11,35.11,766140,26949734.8
2026-04-24 10:35:00,2026-04-24,20260424103500000,000963,5,35.12,35.18,35.09,35.1,551927,19390977.85
2026-04-24 10:40:00,2026-04-24,20260424104000000,000963,5,35.11,35.11,35.02,35.05,208130,7297550.49
2026-04-24 10:45:00,2026-04-24,20260424104500000,000963,5,35.05,35.36,35.05,35.36,1403695,49500221.91
2026-04-24 10:50:00,2026-04-24,20260424105000000,000963,5,35.36,35.38,35.32,35.35,797072,28185593.53
2026-04-24 10:55:00,2026-04-24,20260424105500000,000963,5,35.35,35.43,35.35,35.4,571202,20212950.52
2026-04-24 11:00:00,2026-04-24,20260424110000000,000963,5,35.4,35.41,35.32,35.34,295360,10447466.16
2026-04-24 11:05:00,2026-04-24,20260424110500000,000963,5,35.34,35.39,35.31,35.39,265809,9395819.59
2026-04-24 11:10:00,2026-04-24,20260424111000000,000963,5,35.39,35.42,35.32,35.37,413032,14619106.66
2026-04-24 11:15:00,2026-04-24,20260424111500000,000963,5,35.39,35.4,35.35,35.37,198807,7032017.39
2026-04-24 11:20:00,2026-04-24,20260424112000000,000963,5,35.37,35.37,35.3,35.32,159538,5638050.12
2026-04-24 11:25:00,2026-04-24,20260424112500000,000963,5,35.31,35.4,35.31,35.34,298317,10551880.68
2026-04-24 11:30:00,2026-04-24,20260424113000000,000963,5,35.36,35.44,35.3,35.41,380242,13458891.94
2026-04-24 13:05:00,2026-04-24,20260424130500000,000963,5,35.39,35.55,35.39,35.55,834266,29606903.16
2026-04-24 13:10:00,2026-04-24,20260424131000000,000963,5,35.55,35.59,35.44,35.48,552626,19644457.63
2026-04-24 13:15:00,2026-04-24,20260424131500000,000963,5,35.49,35.49,35.41,35.44,216121,7658296.91
2026-04-24 13:20:00,2026-04-24,20260424132000000,000963,5,35.44,35.45,35.38,35.38,153744,5444402.7
2026-04-24 13:25:00,2026-04-24,20260424132500000,000963,5,35.38,35.41,35.35,35.35,115033,4070022.02
2026-04-24 13:30:00,2026-04-24,20260424133000000,000963,5,35.35,35.37,35.31,35.32,210375,7435586.93
2026-04-24 13:35:00,2026-04-24,20260424133500000,000963,5,35.3,35.38,35.29,35.38,221065,7810231.6
2026-04-24 13:40:00,2026-04-24,20260424134000000,000963,5,35.37,35.39,35.34,35.35,140524,4970242.88
2026-04-24 13:45:00,2026-04-24,20260424134500000,000963,5,35.36,35.37,35.28,35.29,139225,4917934.93
2026-04-24 13:50:00,2026-04-24,20260424135000000,000963,5,35.29,35.29,35.25,35.25,160881,5673413.25
2026-04-24 13:55:00,2026-04-24,20260424135500000,000963,5,35.26,35.26,35.21,35.23,170705,6013345.3
2026-04-24 14:00:00,2026-04-24,20260424140000000,000963,5,35.22,35.29,35.22,35.29,152995,5392376.7
2026-04-24 14:05:00,2026-04-24,20260424140500000,000963,5,35.28,35.29,35.25,35.28,138047,4869296.89
2026-04-24 14:10:00,2026-04-24,20260424141000000,000963,5,35.27,35.31,35.27,35.29,144460,5097800.77
2026-04-24 14:15:00,2026-04-24,20260424141500000,000963,5,35.28,35.29,35.23,35.23,170625,6017015.91
2026-04-24 14:20:00,2026-04-24,20260424142000000,000963,5,35.22,35.27,35.18,35.18,232157,8176228.11
2026-04-24 14:25:00,2026-04-24,20260424142500000,000963,5,35.2,35.27,35.19,35.26,144569,5093898.47
2026-04-24 14:30:00,2026-04-24,20260424143000000,000963,5,35.26,35.27,35.23,35.24,160962,5672324.86
2026-04-24 14:35:00,2026-04-24,20260424143500000,000963,5,35.23,35.27,35.23,35.25,241344,8506159.93
2026-04-24 14:40:00,2026-04-24,20260424144000000,000963,5,35.25,35.27,35.24,35.24,197658,6967653.61
2026-04-24 14:45:00,2026-04-24,20260424144500000,000963,5,35.25,35.26,35.23,35.25,187508,6608263.81
2026-04-24 14:50:00,2026-04-24,20260424145000000,000963,5,35.24,35.25,35.22,35.24,242099,8530319.62
2026-04-24 14:55:00,2026-04-24,20260424145500000,000963,5,35.24,35.25,35.19,35.19,343031,12079084.6
2026-04-24 15:00:00,2026-04-24,20260424150000000,000963,5,35.19,35.19,35.16,35.18,230534,8110271.97
2026-04-27 09:35:00,2026-04-27,20260427093500000,000963,5,35.01,35.01,34.46,34.53,2051811,71184141.27
2026-04-27 09:40:00,2026-04-27,20260427094000000,000963,5,34.51,34.59,34.4,34.51,1159988,39988569.27
2026-04-27 09:45:00,2026-04-27,20260427094500000,000963,5,34.51,34.53,34.12,34.24,1435468,49243811.66
2026-04-27 09:50:00,2026-04-27,20260427095000000,000963,5,34.24,34.43,34.23,34.33,582272,19982736.28
2026-04-27 09:55:00,2026-04-27,20260427095500000,000963,5,34.34,34.4,34.28,34.31,395148,13567806.18
2026-04-27 10:00:00,2026-04-27,20260427100000000,000963,5,34.31,34.37,34.21,34.25,578562,19821614.08
2026-04-27 10:05:00,2026-04-27,20260427100500000,000963,5,34.28,34.35,34.2,34.23,402800,13804592.0
2026-04-27 10:10:00,2026-04-27,20260427101000000,000963,5,34.21,34.27,34.21,34.25,310900,10646883.0
2026-04-27 10:15:00,2026-04-27,20260427101500000,000963,5,34.25,34.28,34.2,34.23,376135,12873924.0
2026-04-27 10:20:00,2026-04-27,20260427102000000,000963,5,34.23,34.24,34.18,34.19,382565,13085142.0
2026-04-27 10:25:00,2026-04-27,20260427102500000,000963,5,34.2,34.2,34.13,34.14,542100,18517523.0
2026-04-27 10:30:00,2026-04-27,20260427103000000,000963,5,34.14,34.19,34.08,34.12,1029425,35115973.5
2026-04-27 10:35:00,2026-04-27,20260427103500000,000963,5,34.14,34.15,34.1,34.14,352300,12024597.0
2026-04-27 10:40:00,2026-04-27,20260427104000000,000963,5,34.14,34.25,34.12,34.16,236759,8084772.26
2026-04-27 10:45:00,2026-04-27,20260427104500000,000963,5,34.18,34.18,34.13,34.14,178321,6090450.14
2026-04-27 10:50:00,2026-04-27,20260427105000000,000963,5,34.14,34.15,34.13,34.13,120900,4126982.0
2026-04-27 10:55:00,2026-04-27,20260427105500000,000963,5,34.14,34.15,34.13,34.15,121800,4157745.0
2026-04-27 11:00:00,2026-04-27,20260427110000000,000963,5,34.15,34.23,34.13,34.17,145393,4968669.41
2026-04-27 11:05:00,2026-04-27,20260427110500000,000963,5,34.17,34.18,34.09,34.16,533584,18206966.06
2026-04-27 11:10:00,2026-04-27,20260427111000000,000963,5,34.13,34.25,34.13,34.22,168550,5765773.5
2026-04-27 11:15:00,2026-04-27,20260427111500000,000963,5,34.22,34.22,34.16,34.18,76600,2618970.0
2026-04-27 11:20:00,2026-04-27,20260427112000000,000963,5,34.19,34.22,34.18,34.19,75500,2582226.0
2026-04-27 11:25:00,2026-04-27,20260427112500000,000963,5,34.2,34.2,34.16,34.19,102000,3486180.0
2026-04-27 11:30:00,2026-04-27,20260427113000000,000963,5,34.19,34.19,34.15,34.17,89600,3061313.0
2026-04-27 13:05:00,2026-04-27,20260427130500000,000963,5,34.18,34.19,34.14,34.17,230200,7865153.0
2026-04-27 13:10:00,2026-04-27,20260427131000000,000963,5,34.17,34.19,34.15,34.17,83300,2846607.0
2026-04-27 13:15:00,2026-04-27,20260427131500000,000963,5,34.18,34.24,34.17,34.22,91300,3122504.0
2026-04-27 13:20:00,2026-04-27,20260427132000000,000963,5,34.22,34.24,34.21,34.22,116200,3976728.0
2026-04-27 13:25:00,2026-04-27,20260427132500000,000963,5,34.21,34.26,34.21,34.24,86500,2961226.0
2026-04-27 13:30:00,2026-04-27,20260427133000000,000963,5,34.24,34.28,34.21,34.27,114000,3904317.0
2026-04-27 13:35:00,2026-04-27,20260427133500000,000963,5,34.27,34.29,34.25,34.26,174100,5966135.0
2026-04-27 13:40:00,2026-04-27,20260427134000000,000963,5,34.26,34.26,34.22,34.26,145238,4972919.74
2026-04-27 13:45:00,2026-04-27,20260427134500000,000963,5,34.25,34.28,34.21,34.22,113500,3887904.0
2026-04-27 13:50:00,2026-04-27,20260427135000000,000963,5,34.21,34.23,34.2,34.22,123900,4238953.0
2026-04-27 13:55:00,2026-04-27,20260427135500000,000963,5,34.22,34.22,34.16,34.2,323500,11059004.0
2026-04-27 14:00:00,2026-04-27,20260427140000000,000963,5,34.19,34.19,34.15,34.17,185600,6342497.0
2026-04-27 14:05:00,2026-04-27,20260427140500000,000963,5,34.17,34.19,34.15,34.16,224800,7681016.0
2026-04-27 14:10:00,2026-04-27,20260427141000000,000963,5,34.17,34.2,34.15,34.19,150100,5129670.0
2026-04-27 14:15:00,2026-04-27,20260427141500000,000963,5,34.19,34.19,34.16,34.17,96000,3281035.0
2026-04-27 14:20:00,2026-04-27,20260427142000000,000963,5,34.18,34.18,34.14,34.16,170973,5840191.22
2026-04-27 14:25:00,2026-04-27,20260427142500000,000963,5,34.16,34.17,34.15,34.16,118582,4050072.14
2026-04-27 14:30:00,2026-04-27,20260427143000000,000963,5,34.16,34.17,34.15,34.17,122525,4185160.75
2026-04-27 14:35:00,2026-04-27,20260427143500000,000963,5,34.17,34.19,34.16,34.18,151564,5179086.88
2026-04-27 14:40:00,2026-04-27,20260427144000000,000963,5,34.18,34.21,34.17,34.2,102088,3490930.6
2026-04-27 14:45:00,2026-04-27,20260427144500000,000963,5,34.2,34.23,34.19,34.22,130731,4472637.63
2026-04-27 14:50:00,2026-04-27,20260427145000000,000963,5,34.22,34.24,34.21,34.24,184300,6307159.0
2026-04-27 14:55:00,2026-04-27,20260427145500000,000963,5,34.23,34.24,34.21,34.23,202600,6933698.0
2026-04-27 15:00:00,2026-04-27,20260427150000000,000963,5,34.22,34.23,34.21,34.21,247012,8450888.6
2026-04-28 09:35:00,2026-04-28,20260428093500000,000963,5,34.28,34.64,34.28,34.61,1924178,66388480.62
2026-04-28 09:40:00,2026-04-28,20260428094000000,000963,5,34.64,34.8,34.64,34.73,1647325,57210934.0
2026-04-28 09:45:00,2026-04-28,20260428094500000,000963,5,34.71,34.76,34.61,34.75,603100,20928563.0
2026-04-28 09:50:00,2026-04-28,20260428095000000,000963,5,34.76,34.77,34.58,34.59,349800,12122962.0
2026-04-28 09:55:00,2026-04-28,20260428095500000,000963,5,34.6,34.67,34.53,34.53,349900,12106603.0
2026-04-28 10:00:00,2026-04-28,20260428100000000,000963,5,34.53,34.61,34.51,34.56,246200,8505038.0
2026-04-28 10:05:00,2026-04-28,20260428100500000,000963,5,34.55,34.56,34.48,34.5,266900,9214049.0
2026-04-28 10:10:00,2026-04-28,20260428101000000,000963,5,34.49,34.57,34.49,34.56,207600,7166627.0
2026-04-28 10:15:00,2026-04-28,20260428101500000,000963,5,34.56,34.58,34.43,34.44,307800,10620358.82
2026-04-28 10:20:00,2026-04-28,20260428102000000,000963,5,34.43,34.45,34.3,34.32,382400,13142246.0
2026-04-28 10:25:00,2026-04-28,20260428102500000,000963,5,34.33,34.38,34.27,34.28,489800,16809998.0
2026-04-28 10:30:00,2026-04-28,20260428103000000,000963,5,34.28,34.28,34.18,34.2,527260,18051456.4
2026-04-28 10:35:00,2026-04-28,20260428103500000,000963,5,34.2,34.31,34.2,34.22,248700,8513234.6
2026-04-28 10:40:00,2026-04-28,20260428104000000,000963,5,34.22,34.31,34.21,34.26,161500,5533983.0
2026-04-28 10:45:00,2026-04-28,20260428104500000,000963,5,34.26,34.26,34.19,34.22,266900,9131216.0
2026-04-28 10:50:00,2026-04-28,20260428105000000,000963,5,34.22,34.25,34.18,34.19,247500,8463445.0
2026-04-28 10:55:00,2026-04-28,20260428105500000,000963,5,34.19,34.19,34.15,34.16,291000,9944179.0
2026-04-28 11:00:00,2026-04-28,20260428110000000,000963,5,34.16,34.2,34.15,34.2,79900,2729579.0
2026-04-28 11:05:00,2026-04-28,20260428110500000,000963,5,34.19,34.2,34.13,34.14,208400,7118725.0
2026-04-28 11:10:00,2026-04-28,20260428111000000,000963,5,34.14,34.22,34.13,34.22,160700,5494077.0
2026-04-28 11:15:00,2026-04-28,20260428111500000,000963,5,34.22,34.23,34.19,34.19,91800,3140736.0
2026-04-28 11:20:00,2026-04-28,20260428112000000,000963,5,34.19,34.26,34.18,34.25,154300,5278588.0
2026-04-28 11:25:00,2026-04-28,20260428112500000,000963,5,34.27,34.27,34.21,34.23,189000,6471565.0
2026-04-28 11:30:00,2026-04-28,20260428113000000,000963,5,34.23,34.25,34.19,34.2,232800,7969074.0
2026-04-28 13:05:00,2026-04-28,20260428130500000,000963,5,34.2,34.24,34.15,34.24,227500,7777561.6
2026-04-28 13:10:00,2026-04-28,20260428131000000,000963,5,34.23,34.24,34.18,34.21,110900,3792006.0
2026-04-28 13:15:00,2026-04-28,20260428131500000,000963,5,34.22,34.24,34.13,34.13,289500,9897391.0
2026-04-28 13:20:00,2026-04-28,20260428132000000,000963,5,34.12,34.12,34.07,34.1,305600,10418950.0
2026-04-28 13:25:00,2026-04-28,20260428132500000,000963,5,34.09,34.1,34.07,34.08,134700,4591044.0
2026-04-28 13:30:00,2026-04-28,20260428133000000,000963,5,34.08,34.1,34.02,34.02,386200,13154265.0
2026-04-28 13:35:00,2026-04-28,20260428133500000,000963,5,34.02,34.02,34.0,34.0,309100,10511628.0
2026-04-28 13:40:00,2026-04-28,20260428134000000,000963,5,34.0,34.03,34.0,34.03,192400,6543193.0
2026-04-28 13:45:00,2026-04-28,20260428134500000,000963,5,34.03,34.07,33.94,33.95,524400,17826789.0
2026-04-28 13:50:00,2026-04-28,20260428135000000,000963,5,33.94,33.94,33.83,33.83,489500,16596235.0
2026-04-28 13:55:00,2026-04-28,20260428135500000,000963,5,33.84,33.86,33.77,33.81,522900,17684145.0
2026-04-28 14:00:00,2026-04-28,20260428140000000,000963,5,33.81,33.82,33.79,33.81,381100,12884265.0
2026-04-28 14:05:00,2026-04-28,20260428140500000,000963,5,33.82,33.82,33.74,33.76,520700,17586659.0
2026-04-28 14:10:00,2026-04-28,20260428141000000,000963,5,33.75,33.8,33.74,33.8,416992,14078293.08
2026-04-28 14:15:00,2026-04-28,20260428141500000,000963,5,33.8,33.8,33.73,33.79,262000,8846928.08
2026-04-28 14:20:00,2026-04-28,20260428142000000,000963,5,33.79,33.8,33.73,33.75,310800,10493448.0
2026-04-28 14:25:00,2026-04-28,20260428142500000,000963,5,33.74,33.74,33.66,33.67,595800,20080194.56
2026-04-28 14:30:00,2026-04-28,20260428143000000,000963,5,33.67,33.68,33.63,33.64,464572,15632721.44
2026-04-28 14:35:00,2026-04-28,20260428143500000,000963,5,33.65,33.69,33.63,33.64,238400,8021685.0
2026-04-28 14:40:00,2026-04-28,20260428144000000,000963,5,33.65,33.71,33.63,33.7,354700,11934777.28
2026-04-28 14:45:00,2026-04-28,20260428144500000,000963,5,33.7,33.73,33.67,33.7,185200,6241974.0
2026-04-28 14:50:00,2026-04-28,20260428145000000,000963,5,33.7,33.7,33.66,33.69,218050,7343144.5
2026-04-28 14:55:00,2026-04-28,20260428145500000,000963,5,33.69,33.72,33.68,33.72,371900,12531573.0
2026-04-28 15:00:00,2026-04-28,20260428150000000,000963,5,33.71,33.75,33.71,33.75,277267,9352823.96
2026-04-29 09:35:00,2026-04-29,20260429093500000,000963,5,33.71,33.72,33.13,33.3,1789690,59558176.0
2026-04-29 09:40:00,2026-04-29,20260429094000000,000963,5,33.3,33.32,33.18,33.3,1079227,35877377.26
2026-04-29 09:45:00,2026-04-29,20260429094500000,000963,5,33.29,33.44,33.28,33.42,591300,19722073.0
2026-04-29 09:50:00,2026-04-29,20260429095000000,000963,5,33.4,33.49,33.36,33.45,642110,21460064.9
2026-04-29 09:55:00,2026-04-29,20260429095500000,000963,5,33.44,33.45,33.33,33.35,382300,12762753.0
2026-04-29 10:00:00,2026-04-29,20260429100000000,000963,5,33.35,33.35,33.32,33.33,297300,9911242.0
2026-04-29 10:05:00,2026-04-29,20260429100500000,000963,5,33.32,33.43,33.32,33.4,408100,13611796.0
2026-04-29 10:10:00,2026-04-29,20260429101000000,000963,5,33.36,33.46,33.36,33.45,264632,8847445.48
2026-04-29 10:15:00,2026-04-29,20260429101500000,000963,5,33.45,33.46,33.41,33.42,242300,8102682.0
2026-04-29 10:20:00,2026-04-29,20260429102000000,000963,5,33.43,33.49,33.42,33.42,271100,9065725.0
2026-04-29 10:25:00,2026-04-29,20260429102500000,000963,5,33.41,33.41,33.36,33.4,232168,7749574.52
2026-04-29 10:30:00,2026-04-29,20260429103000000,000963,5,33.4,33.45,33.37,33.42,327832,10956734.16
2026-04-29 10:35:00,2026-04-29,20260429103500000,000963,5,33.43,33.43,33.41,33.42,159160,5318991.6
2026-04-29 10:40:00,2026-04-29,20260429104000000,000963,5,33.42,33.43,33.4,33.4,213740,7140883.9
2026-04-29 10:45:00,2026-04-29,20260429104500000,000963,5,33.4,33.43,33.4,33.43,178350,5959344.0
2026-04-29 10:50:00,2026-04-29,20260429105000000,000963,5,33.43,33.44,33.4,33.41,143950,4810569.5
2026-04-29 10:55:00,2026-04-29,20260429105500000,000963,5,33.41,33.49,33.4,33.48,197000,6585834.0
2026-04-29 11:00:00,2026-04-29,20260429110000000,000963,5,33.48,33.49,33.44,33.48,184000,6156845.0
2026-04-29 11:05:00,2026-04-29,20260429110500000,000963,5,33.48,33.51,33.47,33.51,126100,4223826.0
2026-04-29 11:10:00,2026-04-29,20260429111000000,000963,5,33.5,33.55,33.49,33.54,164700,5518630.0
2026-04-29 11:15:00,2026-04-29,20260429111500000,000963,5,33.55,33.57,33.54,33.55,154300,5177831.0
2026-04-29 11:20:00,2026-04-29,20260429112000000,000963,5,33.55,33.62,33.55,33.56,158200,5311879.0
2026-04-29 11:25:00,2026-04-29,20260429112500000,000963,5,33.55,33.56,33.5,33.5,173400,5813705.0
2026-04-29 11:30:00,2026-04-29,20260429113000000,000963,5,33.5,33.52,33.48,33.51,130500,4372044.0
2026-04-29 13:05:00,2026-04-29,20260429130500000,000963,5,33.52,33.58,33.51,33.55,254618,8541523.18
2026-04-29 13:10:00,2026-04-29,20260429131000000,000963,5,33.53,33.55,33.49,33.51,229082,7676954.82
2026-04-29 13:15:00,2026-04-29,20260429131500000,000963,5,33.51,33.52,33.48,33.49,169000,5660976.0
2026-04-29 13:20:00,2026-04-29,20260429132000000,000963,5,33.48,33.53,33.48,33.51,164170,5500950.0
2026-04-29 13:25:00,2026-04-29,20260429132500000,000963,5,33.51,33.53,33.49,33.52,144100,4829510.0
2026-04-29 13:30:00,2026-04-29,20260429133000000,000963,5,33.51,33.52,33.47,33.51,214500,7183158.0
2026-04-29 13:35:00,2026-04-29,20260429133500000,000963,5,33.51,33.52,33.5,33.5,206800,6928960.0
2026-04-29 13:40:00,2026-04-29,20260429134000000,000963,5,33.5,33.5,33.43,33.43,302600,10124170.0
2026-04-29 13:45:00,2026-04-29,20260429134500000,000963,5,33.42,33.48,33.41,33.47,250300,8370300.0
2026-04-29 13:50:00,2026-04-29,20260429135000000,000963,5,33.47,33.48,33.42,33.43,237900,7955649.0
2026-04-29 13:55:00,2026-04-29,20260429135500000,000963,5,33.43,33.51,33.43,33.51,230000,7700879.0
2026-04-29 14:00:00,2026-04-29,20260429140000000,000963,5,33.52,33.52,33.46,33.49,231400,7751313.0
2026-04-29 14:05:00,2026-04-29,20260429140500000,000963,5,33.49,33.5,33.48,33.49,229100,7673251.0
2026-04-29 14:10:00,2026-04-29,20260429141000000,000963,5,33.49,33.51,33.48,33.49,189500,6347782.0
2026-04-29 14:15:00,2026-04-29,20260429141500000,000963,5,33.5,33.51,33.48,33.51,154400,5171701.0
2026-04-29 14:20:00,2026-04-29,20260429142000000,000963,5,33.51,33.54,33.5,33.54,212500,7121987.0
2026-04-29 14:25:00,2026-04-29,20260429142500000,000963,5,33.54,33.61,33.53,33.61,253400,8503018.0
2026-04-29 14:30:00,2026-04-29,20260429143000000,000963,5,33.6,33.62,33.59,33.59,251200,8440963.0
2026-04-29 14:35:00,2026-04-29,20260429143500000,000963,5,33.58,33.59,33.5,33.53,307090,10302891.8
2026-04-29 14:40:00,2026-04-29,20260429144000000,000963,5,33.53,33.55,33.5,33.54,381134,12773365.68
2026-04-29 14:45:00,2026-04-29,20260429144500000,000963,5,33.53,33.54,33.52,33.53,274000,9186708.05
2026-04-29 14:50:00,2026-04-29,20260429145000000,000963,5,33.53,33.55,33.5,33.55,284300,9529338.66
2026-04-29 14:55:00,2026-04-29,20260429145500000,000963,5,33.54,33.55,33.51,33.51,323919,10859802.69
2026-04-29 15:00:00,2026-04-29,20260429150000000,000963,5,33.51,33.54,33.51,33.54,202972,6806111.84
2026-04-30 09:35:00,2026-04-30,20260430093500000,000963,5,33.52,33.52,33.36,33.37,728700,24352299.34
2026-04-30 09:40:00,2026-04-30,20260430094000000,000963,5,33.33,33.33,33.2,33.21,1248700,41542102.0
2026-04-30 09:45:00,2026-04-30,20260430094500000,000963,5,33.21,33.29,33.21,33.27,413300,13743197.0
2026-04-30 09:50:00,2026-04-30,20260430095000000,000963,5,33.28,33.38,33.27,33.33,412400,13741071.0
2026-04-30 09:55:00,2026-04-30,20260430095500000,000963,5,33.37,33.37,33.25,33.35,744400,24772251.0
2026-04-30 10:00:00,2026-04-30,20260430100000000,000963,5,33.35,33.43,33.31,33.41,321300,10715849.0
2026-04-30 10:05:00,2026-04-30,20260430100500000,000963,5,33.41,33.41,33.25,33.28,364400,12134016.0
2026-04-30 10:10:00,2026-04-30,20260430101000000,000963,5,33.28,33.4,33.28,33.35,247400,8254102.0
2026-04-30 10:15:00,2026-04-30,20260430101500000,000963,5,33.35,33.43,33.3,33.39,213500,7125602.0
2026-04-30 10:20:00,2026-04-30,20260430102000000,000963,5,33.39,33.42,33.37,33.4,256534,8565990.6
2026-04-30 10:25:00,2026-04-30,20260430102500000,000963,5,33.41,33.49,33.39,33.45,418600,13997105.0
2026-04-30 10:30:00,2026-04-30,20260430103000000,000963,5,33.45,33.51,33.42,33.5,431100,14426170.0
2026-04-30 10:35:00,2026-04-30,20260430103500000,000963,5,33.5,33.59,33.45,33.57,805280,26992523.4
2026-04-30 10:40:00,2026-04-30,20260430104000000,000963,5,33.57,33.58,33.49,33.51,348020,11669205.0
2026-04-30 10:45:00,2026-04-30,20260430104500000,000963,5,33.51,33.55,33.49,33.54,156000,5229217.0
2026-04-30 10:50:00,2026-04-30,20260430105000000,000963,5,33.54,33.55,33.43,33.43,149500,5006890.0
2026-04-30 10:55:00,2026-04-30,20260430105500000,000963,5,33.43,33.44,33.37,33.4,290500,9707694.0
2026-04-30 11:00:00,2026-04-30,20260430110000000,000963,5,33.4,33.47,33.37,33.47,156100,5216575.0
2026-04-30 11:05:00,2026-04-30,20260430110500000,000963,5,33.47,33.49,33.44,33.48,108900,3644088.0
2026-04-30 11:10:00,2026-04-30,20260430111000000,000963,5,33.48,33.51,33.44,33.46,131100,4390707.0
2026-04-30 11:15:00,2026-04-30,20260430111500000,000963,5,33.47,33.48,33.41,33.41,95100,3180172.0
2026-04-30 11:20:00,2026-04-30,20260430112000000,000963,5,33.42,33.43,33.4,33.41,96400,3220752.0
2026-04-30 11:25:00,2026-04-30,20260430112500000,000963,5,33.41,33.42,33.38,33.38,167600,5598179.0
2026-04-30 11:30:00,2026-04-30,20260430113000000,000963,5,33.39,33.42,33.35,33.39,457220,15263045.4
2026-04-30 13:05:00,2026-04-30,20260430130500000,000963,5,33.39,33.39,33.33,33.34,380400,12691436.0
2026-04-30 13:10:00,2026-04-30,20260430131000000,000963,5,33.34,33.34,33.32,33.33,168300,5609523.0
2026-04-30 13:15:00,2026-04-30,20260430131500000,000963,5,33.33,33.34,33.32,33.33,130700,4355802.5
2026-04-30 13:20:00,2026-04-30,20260430132000000,000963,5,33.33,33.33,33.31,33.31,158100,5267241.0
2026-04-30 13:25:00,2026-04-30,20260430132500000,000963,5,33.31,33.34,33.31,33.34,108200,3605555.0
2026-04-30 13:30:00,2026-04-30,20260430133000000,000963,5,33.33,33.34,33.32,33.34,118300,3942743.0
2026-04-30 13:35:00,2026-04-30,20260430133500000,000963,5,33.32,33.32,33.31,33.32,103700,3454808.0
2026-04-30 13:40:00,2026-04-30,20260430134000000,000963,5,33.31,33.39,33.31,33.34,184450,6149847.5
2026-04-30 13:45:00,2026-04-30,20260430134500000,000963,5,33.37,33.38,33.32,33.32,95700,3190568.0
2026-04-30 13:50:00,2026-04-30,20260430135000000,000963,5,33.33,33.34,33.32,33.34,115000,3832812.0
2026-04-30 13:55:00,2026-04-30,20260430135500000,000963,5,33.34,33.38,33.32,33.35,208400,6946969.0
2026-04-30 14:00:00,2026-04-30,20260430140000000,000963,5,33.36,33.36,33.33,33.33,104300,3476799.0
2026-04-30 14:05:00,2026-04-30,20260430140500000,000963,5,33.34,33.4,33.33,33.38,146800,4896204.0
2026-04-30 14:10:00,2026-04-30,20260430141000000,000963,5,33.38,33.42,33.38,33.4,86000,2872688.0
2026-04-30 14:15:00,2026-04-30,20260430141500000,000963,5,33.4,33.4,33.34,33.37,105300,3514081.0
2026-04-30 14:20:00,2026-04-30,20260430142000000,000963,5,33.34,33.37,33.33,33.33,136900,4563810.0
2026-04-30 14:25:00,2026-04-30,20260430142500000,000963,5,33.35,33.35,33.32,33.35,127100,4237053.0
2026-04-30 14:30:00,2026-04-30,20260430143000000,000963,5,33.34,33.35,33.31,33.32,274700,9153456.0
2026-04-30 14:35:00,2026-04-30,20260430143500000,000963,5,33.31,33.35,33.31,33.33,231238,7706386.54
2026-04-30 14:40:00,2026-04-30,20260430144000000,000963,5,33.33,33.35,33.32,33.33,184600,6153647.62
2026-04-30 14:45:00,2026-04-30,20260430144500000,000963,5,33.34,33.34,33.33,33.34,203641,6787911.53
2026-04-30 14:50:00,2026-04-30,20260430145000000,000963,5,33.34,33.34,33.32,33.33,400000,13329776.59
2026-04-30 14:55:00,2026-04-30,20260430145500000,000963,5,33.32,33.33,33.31,33.33,421953,14059954.64
2026-04-30 15:00:00,2026-04-30,20260430150000000,000963,5,33.31,33.35,33.31,33.35,259626,8655509.85
2026-05-06 09:35:00,2026-05-06,20260506093500000,000963,5,33.2,33.35,33.12,33.12,1390912,46191216.48
2026-05-06 09:40:00,2026-05-06,20260506094000000,000963,5,33.11,33.3,33.11,33.28,491725,16310816.65
2026-05-06 09:45:00,2026-05-06,20260506094500000,000963,5,33.29,33.32,33.18,33.19,457107,15191041.13
2026-05-06 09:50:00,2026-05-06,20260506095000000,000963,5,33.2,33.21,33.18,33.21,475000,15763293.6
2026-05-06 09:55:00,2026-05-06,20260506095500000,000963,5,33.2,33.23,33.15,33.15,819200,27189212.0
2026-05-06 10:00:00,2026-05-06,20260506100000000,000963,5,33.16,33.2,33.14,33.17,729424,24184120.32
2026-05-06 10:05:00,2026-05-06,20260506100500000,000963,5,33.17,33.25,33.16,33.23,180800,6005407.0
2026-05-06 10:10:00,2026-05-06,20260506101000000,000963,5,33.24,33.26,33.22,33.22,272892,9069689.08
2026-05-06 10:15:00,2026-05-06,20260506101500000,000963,5,33.22,33.25,33.21,33.23,305100,10135474.0
2026-05-06 10:20:00,2026-05-06,20260506102000000,000963,5,33.24,33.26,33.23,33.25,161900,5382741.0
2026-05-06 10:25:00,2026-05-06,20260506102500000,000963,5,33.25,33.26,33.22,33.23,279300,9283443.0
2026-05-06 10:30:00,2026-05-06,20260506103000000,000963,5,33.22,33.25,33.16,33.17,735200,24406902.0
2026-05-06 10:35:00,2026-05-06,20260506103500000,000963,5,33.17,33.2,33.15,33.16,557200,18481426.0
2026-05-06 10:40:00,2026-05-06,20260506104000000,000963,5,33.15,33.16,33.13,33.15,479600,15896665.0
2026-05-06 10:45:00,2026-05-06,20260506104500000,000963,5,33.15,33.16,33.12,33.15,528200,17504290.36
2026-05-06 10:50:00,2026-05-06,20260506105000000,000963,5,33.15,33.19,33.15,33.15,196200,6506824.0
2026-05-06 10:55:00,2026-05-06,20260506105500000,000963,5,33.14,33.2,33.14,33.2,230800,7654613.0
2026-05-06 11:00:00,2026-05-06,20260506110000000,000963,5,33.2,33.21,33.16,33.16,141000,4679276.0
2026-05-06 11:05:00,2026-05-06,20260506110500000,000963,5,33.16,33.19,33.16,33.19,132600,4398356.0
2026-05-06 11:10:00,2026-05-06,20260506111000000,000963,5,33.19,33.23,33.19,33.22,111000,3686393.0
2026-05-06 11:15:00,2026-05-06,20260506111500000,000963,5,33.22,33.25,33.21,33.22,160100,5321576.0
2026-05-06 11:20:00,2026-05-06,20260506112000000,000963,5,33.22,33.24,33.22,33.24,112300,3731820.0
2026-05-06 11:25:00,2026-05-06,20260506112500000,000963,5,33.23,33.24,33.21,33.23,110500,3671383.0
2026-05-06 11:30:00,2026-05-06,20260506113000000,000963,5,33.23,33.29,33.23,33.24,432200,14372097.0
2026-05-06 13:05:00,2026-05-06,20260506130500000,000963,5,33.25,33.25,33.23,33.25,165100,5488383.0
2026-05-06 13:10:00,2026-05-06,20260506131000000,000963,5,33.25,33.29,33.24,33.28,230684,7674706.0
2026-05-06 13:15:00,2026-05-06,20260506131500000,000963,5,33.26,33.28,33.22,33.22,131100,4358235.0
2026-05-06 13:20:00,2026-05-06,20260506132000000,000963,5,33.21,33.24,33.21,33.24,152400,5063046.0
2026-05-06 13:25:00,2026-05-06,20260506132500000,000963,5,33.25,33.27,33.24,33.25,107695,3581656.8
2026-05-06 13:30:00,2026-05-06,20260506133000000,000963,5,33.25,33.26,33.21,33.26,189100,6285757.15
2026-05-06 13:35:00,2026-05-06,20260506133500000,000963,5,33.26,33.26,33.21,33.23,109900,3651824.0
2026-05-06 13:40:00,2026-05-06,20260506134000000,000963,5,33.23,33.25,33.22,33.24,179100,5952012.0
2026-05-06 13:45:00,2026-05-06,20260506134500000,000963,5,33.24,33.25,33.21,33.22,179200,5954701.0
2026-05-06 13:50:00,2026-05-06,20260506135000000,000963,5,33.22,33.23,33.21,33.22,196600,6530537.0
2026-05-06 13:55:00,2026-05-06,20260506135500000,000963,5,33.22,33.24,33.21,33.22,436200,14488164.05
2026-05-06 14:00:00,2026-05-06,20260506140000000,000963,5,33.21,33.24,33.2,33.23,246032,8171045.4
2026-05-06 14:05:00,2026-05-06,20260506140500000,000963,5,33.21,33.24,33.19,33.21,284100,9433298.0
2026-05-06 14:10:00,2026-05-06,20260506141000000,000963,5,33.22,33.23,33.19,33.19,142100,4718284.0
2026-05-06 14:15:00,2026-05-06,20260506141500000,000963,5,33.19,33.21,33.18,33.19,191800,6366971.0
2026-05-06 14:20:00,2026-05-06,20260506142000000,000963,5,33.2,33.22,33.19,33.21,166600,5531930.0
2026-05-06 14:25:00,2026-05-06,20260506142500000,000963,5,33.22,33.22,33.2,33.22,172900,5741925.0
2026-05-06 14:30:00,2026-05-06,20260506143000000,000963,5,33.22,33.22,33.2,33.2,168600,5598560.0
2026-05-06 14:35:00,2026-05-06,20260506143500000,000963,5,33.21,33.21,33.2,33.21,150900,5010398.0
2026-05-06 14:40:00,2026-05-06,20260506144000000,000963,5,33.21,33.24,33.2,33.22,306708,10188079.68
2026-05-06 14:45:00,2026-05-06,20260506144500000,000963,5,33.22,33.24,33.21,33.21,167900,5578084.0
2026-05-06 14:50:00,2026-05-06,20260506145000000,000963,5,33.21,33.25,33.21,33.25,236800,7866782.0
2026-05-06 14:55:00,2026-05-06,20260506145500000,000963,5,33.24,33.28,33.24,33.28,251874,8379702.24
2026-05-06 15:00:00,2026-05-06,20260506150000000,000963,5,33.28,33.3,33.28,33.3,268736,8947791.64
2026-05-07 09:35:00,2026-05-07,20260507093500000,000963,5,33.4,33.46,33.36,33.37,840808,28094183.44
2026-05-07 09:40:00,2026-05-07,20260507094000000,000963,5,33.37,33.4,33.28,33.29,728200,24273241.0
2026-05-07 09:45:00,2026-05-07,20260507094500000,000963,5,33.3,33.35,33.28,33.32,367424,12236346.22
2026-05-07 09:50:00,2026-05-07,20260507095000000,000963,5,33.32,33.33,33.29,33.3,288444,9606482.54
2026-05-07 09:55:00,2026-05-07,20260507095500000,000963,5,33.3,33.32,33.29,33.32,260060,8660802.65
2026-05-07 10:00:00,2026-05-07,20260507100000000,000963,5,33.3,33.32,33.29,33.3,179575,5980117.12
2026-05-07 10:05:00,2026-05-07,20260507100500000,000963,5,33.3,33.32,33.29,33.3,214173,7131697.9
2026-05-07 10:10:00,2026-05-07,20260507101000000,000963,5,33.3,33.31,33.29,33.31,339387,11300716.38
2026-05-07 10:15:00,2026-05-07,20260507101500000,000963,5,33.31,33.31,33.29,33.3,218907,7289260.6
2026-05-07 10:20:00,2026-05-07,20260507102000000,000963,5,33.3,33.31,33.29,33.29,189593,6313602.9
2026-05-07 10:25:00,2026-05-07,20260507102500000,000963,5,33.3,33.32,33.29,33.3,150225,5002666.75
2026-05-07 10:30:00,2026-05-07,20260507103000000,000963,5,33.3,33.31,33.29,33.31,273714,9112686.06
2026-05-07 10:35:00,2026-05-07,20260507103500000,000963,5,33.3,33.31,33.29,33.29,88272,2939137.38
2026-05-07 10:40:00,2026-05-07,20260507104000000,000963,5,33.29,33.33,33.29,33.31,293500,9777349.5
2026-05-07 10:45:00,2026-05-07,20260507104500000,000963,5,33.31,33.32,33.29,33.3,398932,13287102.33
2026-05-07 10:50:00,2026-05-07,20260507105000000,000963,5,33.3,33.32,33.29,33.31,99019,3298391.35
2026-05-07 10:55:00,2026-05-07,20260507105500000,000963,5,33.31,33.32,33.3,33.3,113031,3764427.88
2026-05-07 11:00:00,2026-05-07,20260507110000000,000963,5,33.3,33.31,33.29,33.3,83678,2786251.6
2026-05-07 11:05:00,2026-05-07,20260507110500000,000963,5,33.29,33.31,33.29,33.3,117811,3922696.19
2026-05-07 11:10:00,2026-05-07,20260507111000000,000963,5,33.29,33.38,33.29,33.37,284494,9482061.29
2026-05-07 11:15:00,2026-05-07,20260507111500000,000963,5,33.37,33.39,33.31,33.31,253707,8463251.42
2026-05-07 11:20:00,2026-05-07,20260507112000000,000963,5,33.31,33.34,33.31,33.31,75891,2528678.72
2026-05-07 11:25:00,2026-05-07,20260507112500000,000963,5,33.31,33.33,33.3,33.3,178943,5959357.9
2026-05-07 11:30:00,2026-05-07,20260507113000000,000963,5,33.3,33.31,33.29,33.3,95984,3195967.2
2026-05-07 13:05:00,2026-05-07,20260507130500000,000963,5,33.3,33.32,33.29,33.3,240163,7997629.9
2026-05-07 13:10:00,2026-05-07,20260507131000000,000963,5,33.3,33.31,33.29,33.3,112233,3737270.07
2026-05-07 13:15:00,2026-05-07,20260507131500000,000963,5,33.3,33.34,33.29,33.3,336371,11207156.93
2026-05-07 13:20:00,2026-05-07,20260507132000000,000963,5,33.3,33.35,33.3,33.35,344288,11475319.38
2026-05-07 13:25:00,2026-05-07,20260507132500000,000963,5,33.36,33.37,33.32,33.34,149091,4972261.1
2026-05-07 13:30:00,2026-05-07,20260507133000000,000963,5,33.34,33.34,33.29,33.3,256725,8550625.51
2026-05-07 13:35:00,2026-05-07,20260507133500000,000963,5,33.31,33.32,33.29,33.3,117583,3915887.74
2026-05-07 13:40:00,2026-05-07,20260507134000000,000963,5,33.3,33.33,33.3,33.3,149997,4996149.33
2026-05-07 13:45:00,2026-05-07,20260507134500000,000963,5,33.3,33.33,33.3,33.32,155951,5194424.71
2026-05-07 13:50:00,2026-05-07,20260507135000000,000963,5,33.31,33.34,33.3,33.34,166540,5551131.7
2026-05-07 13:55:00,2026-05-07,20260507135500000,000963,5,33.33,33.34,33.31,33.33,92212,3073333.06
2026-05-07 14:00:00,2026-05-07,20260507140000000,000963,5,33.33,33.34,33.3,33.31,245967,8193382.39
2026-05-07 14:05:00,2026-05-07,20260507140500000,000963,5,33.31,33.33,33.3,33.3,167771,5588058.92
2026-05-07 14:10:00,2026-05-07,20260507141000000,000963,5,33.3,33.32,33.29,33.3,152306,5072252.21
2026-05-07 14:15:00,2026-05-07,20260507141500000,000963,5,33.3,33.31,33.29,33.3,186530,6211351.55
2026-05-07 14:20:00,2026-05-07,20260507142000000,000963,5,33.3,33.31,33.29,33.3,201996,6725785.99
2026-05-07 14:25:00,2026-05-07,20260507142500000,000963,5,33.29,33.3,33.29,33.29,115823,3856135.67
2026-05-07 14:30:00,2026-05-07,20260507143000000,000963,5,33.3,33.31,33.29,33.31,177176,5899772.67
2026-05-07 14:35:00,2026-05-07,20260507143500000,000963,5,33.31,33.31,33.29,33.3,246789,8218098.26
2026-05-07 14:40:00,2026-05-07,20260507144000000,000963,5,33.3,33.31,33.29,33.3,192191,6399224.09
2026-05-07 14:45:00,2026-05-07,20260507144500000,000963,5,33.29,33.31,33.29,33.29,226570,7543603.3
2026-05-07 14:50:00,2026-05-07,20260507145000000,000963,5,33.3,33.31,33.28,33.3,433300,14422677.38
2026-05-07 14:55:00,2026-05-07,20260507145500000,000963,5,33.29,33.31,33.29,33.3,354862,11816560.68
2026-05-07 15:00:00,2026-05-07,20260507150000000,000963,5,33.3,33.31,33.29,33.3,234228,7799730.22
2026-05-08 09:35:00,2026-05-08,20260508093500000,000963,5,33.31,33.35,33.2,33.22,801350,26668798.5
2026-05-08 09:40:00,2026-05-08,20260508094000000,000963,5,33.22,33.32,33.21,33.31,277687,9237121.34
2026-05-08 09:45:00,2026-05-08,20260508094500000,000963,5,33.33,33.33,33.28,33.29,211400,7039302.0
2026-05-08 09:50:00,2026-05-08,20260508095000000,000963,5,33.29,33.33,33.29,33.31,344767,11485518.11
2026-05-08 09:55:00,2026-05-08,20260508095500000,000963,5,33.3,33.31,33.28,33.29,179450,5975320.12
2026-05-08 10:00:00,2026-05-08,20260508100000000,000963,5,33.29,33.31,33.28,33.3,137900,4591680.0
2026-05-08 10:05:00,2026-05-08,20260508100500000,000963,5,33.29,33.33,33.29,33.29,164653,5483759.03
2026-05-08 10:10:00,2026-05-08,20260508101000000,000963,5,33.29,33.32,33.29,33.29,177825,5921356.25
2026-05-08 10:15:00,2026-05-08,20260508101500000,000963,5,33.29,33.29,33.24,33.24,201092,6690942.68
2026-05-08 10:20:00,2026-05-08,20260508102000000,000963,5,33.24,33.29,33.24,33.28,92200,3066487.0
2026-05-08 10:25:00,2026-05-08,20260508102500000,000963,5,33.28,33.3,33.28,33.29,67100,2233859.0
2026-05-08 10:30:00,2026-05-08,20260508103000000,000963,5,33.28,33.29,33.26,33.26,84720,2818909.2
2026-05-08 10:35:00,2026-05-08,20260508103500000,000963,5,33.26,33.28,33.26,33.27,50900,1693608.0
2026-05-08 10:40:00,2026-05-08,20260508104000000,000963,5,33.27,33.28,33.26,33.27,106200,3532669.0
2026-05-08 10:45:00,2026-05-08,20260508104500000,000963,5,33.27,33.28,33.26,33.26,108100,3596794.0
2026-05-08 10:50:00,2026-05-08,20260508105000000,000963,5,33.26,33.28,33.26,33.27,77800,2588112.0
2026-05-08 10:55:00,2026-05-08,20260508105500000,000963,5,33.27,33.28,33.25,33.25,87800,2920694.0
2026-05-08 11:00:00,2026-05-08,20260508110000000,000963,5,33.25,33.27,33.25,33.26,93500,3109719.0
2026-05-08 11:05:00,2026-05-08,20260508110500000,000963,5,33.26,33.27,33.24,33.25,130900,4352807.37
2026-05-08 11:10:00,2026-05-08,20260508111000000,000963,5,33.25,33.26,33.24,33.26,100300,3334459.0
2026-05-08 11:15:00,2026-05-08,20260508111500000,000963,5,33.25,33.26,33.24,33.25,93400,3105306.0
2026-05-08 11:20:00,2026-05-08,20260508112000000,000963,5,33.24,33.27,33.24,33.25,77119,2564189.56
2026-05-08 11:25:00,2026-05-08,20260508112500000,000963,5,33.25,33.26,33.24,33.25,43387,1442603.88
2026-05-08 11:30:00,2026-05-08,20260508113000000,000963,5,33.24,33.26,33.23,33.24,62394,2074377.56
2026-05-08 13:05:00,2026-05-08,20260508130500000,000963,5,33.23,33.3,33.23,33.25,147400,4903363.0
2026-05-08 13:10:00,2026-05-08,20260508131000000,000963,5,33.25,33.28,33.24,33.26,88650,2947972.5
2026-05-08 13:15:00,2026-05-08,20260508131500000,000963,5,33.25,33.26,33.23,33.24,201450,6696826.5
2026-05-08 13:20:00,2026-05-08,20260508132000000,000963,5,33.23,33.25,33.23,33.24,87800,2918175.0
2026-05-08 13:25:00,2026-05-08,20260508132500000,000963,5,33.24,33.25,33.23,33.24,64917,2157486.91
2026-05-08 13:30:00,2026-05-08,20260508133000000,000963,5,33.23,33.24,33.23,33.24,70800,2353024.0
2026-05-08 13:35:00,2026-05-08,20260508133500000,000963,5,33.23,33.26,33.23,33.23,79900,2655988.9
2026-05-08 13:40:00,2026-05-08,20260508134000000,000963,5,33.24,33.26,33.23,33.26,143200,4759549.0
2026-05-08 13:45:00,2026-05-08,20260508134500000,000963,5,33.26,33.29,33.25,33.26,88100,2931058.0
2026-05-08 13:50:00,2026-05-08,20260508135000000,000963,5,33.25,33.27,33.24,33.26,76600,2546757.0
2026-05-08 13:55:00,2026-05-08,20260508135500000,000963,5,33.26,33.29,33.25,33.27,55800,1856697.0
2026-05-08 14:00:00,2026-05-08,20260508140000000,000963,5,33.27,33.28,33.25,33.25,55225,1836890.25
2026-05-08 14:05:00,2026-05-08,20260508140500000,000963,5,33.25,33.27,33.25,33.26,69700,2318389.0
2026-05-08 14:10:00,2026-05-08,20260508141000000,000963,5,33.26,33.28,33.24,33.25,139075,4624910.75
2026-05-08 14:15:00,2026-05-08,20260508141500000,000963,5,33.24,33.26,33.24,33.25,81278,2702625.5
2026-05-08 14:20:00,2026-05-08,20260508142000000,000963,5,33.25,33.26,33.24,33.24,96522,3208981.5
2026-05-08 14:25:00,2026-05-08,20260508142500000,000963,5,33.24,33.26,33.24,33.25,70099,2330811.75
2026-05-08 14:30:00,2026-05-08,20260508143000000,000963,5,33.25,33.26,33.24,33.25,114002,3789714.42
2026-05-08 14:35:00,2026-05-08,20260508143500000,000963,5,33.24,33.25,33.24,33.25,81898,2722414.52
2026-05-08 14:40:00,2026-05-08,20260508144000000,000963,5,33.24,33.25,33.22,33.22,223402,7424152.48
2026-05-08 14:45:00,2026-05-08,20260508144500000,000963,5,33.23,33.24,33.22,33.22,175100,5817867.0
2026-05-08 14:50:00,2026-05-08,20260508145000000,000963,5,33.22,33.26,33.22,33.26,300010,9971279.68
2026-05-08 14:55:00,2026-05-08,20260508145500000,000963,5,33.25,33.27,33.25,33.26,193340,6429561.2
2026-05-08 15:00:00,2026-05-08,20260508150000000,000963,5,33.27,33.27,33.25,33.26,190862,6347675.3
