datetime,日期,时间,代码,周期,开盘,最高,最低,收盘,成交量,成交额
2026-03-10 09:35:00,2026-03-10,20260310093500000,002987,5,18.2,18.38,18.2,18.34,942500,17255482.0
2026-03-10 09:40:00,2026-03-10,20260310094000000,002987,5,18.35,18.36,18.28,18.32,441900,8095007.0
2026-03-10 09:45:00,2026-03-10,20260310094500000,002987,5,18.34,18.34,18.2,18.21,436200,7965620.0
2026-03-10 09:50:00,2026-03-10,20260310095000000,002987,5,18.21,18.21,18.13,18.16,410900,7462837.0
2026-03-10 09:55:00,2026-03-10,20260310095500000,002987,5,18.16,18.16,18.07,18.07,382700,6930251.0
2026-03-10 10:00:00,2026-03-10,20260310100000000,002987,5,18.07,18.08,18.03,18.04,350100,6321572.0
2026-03-10 10:05:00,2026-03-10,20260310100500000,002987,5,18.04,18.07,18.01,18.01,667500,12038319.0
2026-03-10 10:10:00,2026-03-10,20260310101000000,002987,5,18.01,18.08,18.01,18.05,220800,3983633.0
2026-03-10 10:15:00,2026-03-10,20260310101500000,002987,5,18.05,18.08,18.05,18.06,206039,3720934.34
2026-03-10 10:20:00,2026-03-10,20260310102000000,002987,5,18.06,18.08,18.05,18.06,124400,2247389.0
2026-03-10 10:25:00,2026-03-10,20260310102500000,002987,5,18.06,18.07,18.05,18.06,71800,1296560.0
2026-03-10 10:30:00,2026-03-10,20260310103000000,002987,5,18.06,18.07,18.01,18.02,281200,5070396.0
2026-03-10 10:35:00,2026-03-10,20260310103500000,002987,5,18.01,18.05,18.01,18.03,90700,1635101.0
2026-03-10 10:40:00,2026-03-10,20260310104000000,002987,5,18.03,18.04,18.03,18.03,84777,1528790.31
2026-03-10 10:45:00,2026-03-10,20260310104500000,002987,5,18.03,18.04,17.98,17.98,417900,7526026.0
2026-03-10 10:50:00,2026-03-10,20260310105000000,002987,5,17.98,17.99,17.96,17.97,155600,2796785.0
2026-03-10 10:55:00,2026-03-10,20260310105500000,002987,5,17.98,17.99,17.97,17.98,45800,823536.0
2026-03-10 11:00:00,2026-03-10,20260310110000000,002987,5,17.98,17.99,17.96,17.97,141800,2548384.0
2026-03-10 11:05:00,2026-03-10,20260310110500000,002987,5,17.98,17.98,17.97,17.97,143800,2584992.0
2026-03-10 11:10:00,2026-03-10,20260310111000000,002987,5,17.97,17.98,17.94,17.96,186000,3340248.0
2026-03-10 11:15:00,2026-03-10,20260310111500000,002987,5,17.96,17.96,17.91,17.91,168400,3020687.0
2026-03-10 11:20:00,2026-03-10,20260310112000000,002987,5,17.91,17.96,17.91,17.95,98600,1767408.0
2026-03-10 11:25:00,2026-03-10,20260310112500000,002987,5,17.95,17.98,17.95,17.97,38700,695228.0
2026-03-10 11:30:00,2026-03-10,20260310113000000,002987,5,17.97,18.0,17.97,17.98,45300,814608.0
2026-03-10 13:05:00,2026-03-10,20260310130500000,002987,5,17.99,18.01,17.97,18.0,385140,6929395.6
2026-03-10 13:10:00,2026-03-10,20260310131000000,002987,5,18.0,18.01,17.99,18.01,155500,2799463.0
2026-03-10 13:15:00,2026-03-10,20260310131500000,002987,5,18.01,18.01,18.0,18.0,98800,1778954.0
2026-03-10 13:20:00,2026-03-10,20260310132000000,002987,5,18.0,18.01,17.98,18.0,57600,1036376.0
2026-03-10 13:25:00,2026-03-10,20260310132500000,002987,5,18.0,18.02,17.99,18.01,61305,1104000.05
2026-03-10 13:30:00,2026-03-10,20260310133000000,002987,5,18.01,18.03,18.0,18.0,108695,1958291.95
2026-03-10 13:35:00,2026-03-10,20260310133500000,002987,5,18.0,18.02,18.0,18.01,56720,1021350.2
2026-03-10 13:40:00,2026-03-10,20260310134000000,002987,5,18.01,18.01,17.99,18.01,212255,3820370.0
2026-03-10 13:45:00,2026-03-10,20260310134500000,002987,5,18.01,18.01,18.0,18.01,51245,922724.45
2026-03-10 13:50:00,2026-03-10,20260310135000000,002987,5,18.01,18.01,18.0,18.0,67455,1214292.0
2026-03-10 13:55:00,2026-03-10,20260310135500000,002987,5,18.0,18.01,18.0,18.01,26600,478894.0
2026-03-10 14:00:00,2026-03-10,20260310140000000,002987,5,18.0,18.03,18.0,18.03,155700,2804175.0
2026-03-10 14:05:00,2026-03-10,20260310140500000,002987,5,18.04,18.08,18.03,18.07,142400,2571555.0
2026-03-10 14:10:00,2026-03-10,20260310141000000,002987,5,18.07,18.08,18.06,18.06,81105,1465209.3
2026-03-10 14:15:00,2026-03-10,20260310141500000,002987,5,18.06,18.07,18.03,18.04,117295,2116936.65
2026-03-10 14:20:00,2026-03-10,20260310142000000,002987,5,18.03,18.04,18.02,18.03,56700,1022132.0
2026-03-10 14:25:00,2026-03-10,20260310142500000,002987,5,18.03,18.05,18.03,18.04,60040,1082987.6
2026-03-10 14:30:00,2026-03-10,20260310143000000,002987,5,18.04,18.1,18.03,18.09,208185,3759849.35
2026-03-10 14:35:00,2026-03-10,20260310143500000,002987,5,18.1,18.1,18.05,18.06,121300,2192876.0
2026-03-10 14:40:00,2026-03-10,20260310144000000,002987,5,18.06,18.06,18.05,18.06,107900,1948206.0
2026-03-10 14:45:00,2026-03-10,20260310144500000,002987,5,18.05,18.08,18.05,18.08,125820,2273354.2
2026-03-10 14:50:00,2026-03-10,20260310145000000,002987,5,18.08,18.09,18.07,18.08,270156,4884218.92
2026-03-10 14:55:00,2026-03-10,20260310145500000,002987,5,18.08,18.08,18.06,18.08,240900,4353842.0
2026-03-10 15:00:00,2026-03-10,20260310150000000,002987,5,18.07,18.09,18.06,18.09,280300,5068581.0
2026-03-11 09:35:00,2026-03-11,20260311093500000,002987,5,18.02,18.15,18.02,18.11,522856,9463644.6
2026-03-11 09:40:00,2026-03-11,20260311094000000,002987,5,18.11,18.17,18.1,18.15,380100,6896139.0
2026-03-11 09:45:00,2026-03-11,20260311094500000,002987,5,18.15,18.15,18.08,18.08,152000,2754627.0
2026-03-11 09:50:00,2026-03-11,20260311095000000,002987,5,18.08,18.1,18.06,18.07,154400,2790718.0
2026-03-11 09:55:00,2026-03-11,20260311095500000,002987,5,18.07,18.12,18.06,18.08,191300,3459896.0
2026-03-11 10:00:00,2026-03-11,20260311100000000,002987,5,18.07,18.09,18.04,18.04,114000,2059508.0
2026-03-11 10:05:00,2026-03-11,20260311100500000,002987,5,18.03,18.05,18.01,18.03,244100,4400391.0
2026-03-11 10:10:00,2026-03-11,20260311101000000,002987,5,18.03,18.06,17.99,17.99,227700,4102316.0
2026-03-11 10:15:00,2026-03-11,20260311101500000,002987,5,17.99,18.03,17.99,18.02,119340,2148517.4
2026-03-11 10:20:00,2026-03-11,20260311102000000,002987,5,18.03,18.05,18.01,18.01,141000,2541406.0
2026-03-11 10:25:00,2026-03-11,20260311102500000,002987,5,18.02,18.06,18.02,18.06,129000,2327579.0
2026-03-11 10:30:00,2026-03-11,20260311103000000,002987,5,18.06,18.08,18.05,18.08,132740,2398523.4
2026-03-11 10:35:00,2026-03-11,20260311103500000,002987,5,18.09,18.15,18.06,18.14,226900,4108031.0
2026-03-11 10:40:00,2026-03-11,20260311104000000,002987,5,18.13,18.2,18.12,18.17,451000,8190796.0
2026-03-11 10:45:00,2026-03-11,20260311104500000,002987,5,18.18,18.18,18.13,18.14,148600,2698115.0
2026-03-11 10:50:00,2026-03-11,20260311105000000,002987,5,18.13,18.15,18.12,18.14,60600,1098796.0
2026-03-11 10:55:00,2026-03-11,20260311105500000,002987,5,18.14,18.14,18.1,18.11,49400,895051.0
2026-03-11 11:00:00,2026-03-11,20260311110000000,002987,5,18.11,18.15,18.1,18.15,130540,2365654.8
2026-03-11 11:05:00,2026-03-11,20260311110500000,002987,5,18.14,18.16,18.13,18.13,114200,2071947.27
2026-03-11 11:10:00,2026-03-11,20260311111000000,002987,5,18.13,18.15,18.13,18.13,37200,675008.0
2026-03-11 11:15:00,2026-03-11,20260311111500000,002987,5,18.13,18.15,18.13,18.15,51200,928777.0
2026-03-11 11:20:00,2026-03-11,20260311112000000,002987,5,18.15,18.15,18.09,18.09,95560,1731724.2
2026-03-11 11:25:00,2026-03-11,20260311112500000,002987,5,18.09,18.11,18.08,18.11,43300,783537.0
2026-03-11 11:30:00,2026-03-11,20260311113000000,002987,5,18.11,18.13,18.09,18.12,106644,1930976.4
2026-03-11 13:05:00,2026-03-11,20260311130500000,002987,5,18.12,18.15,18.11,18.11,55100,999065.0
2026-03-11 13:10:00,2026-03-11,20260311131000000,002987,5,18.11,18.12,18.08,18.09,68700,1243296.0
2026-03-11 13:15:00,2026-03-11,20260311131500000,002987,5,18.08,18.09,18.07,18.08,56400,1019951.0
2026-03-11 13:20:00,2026-03-11,20260311132000000,002987,5,18.08,18.08,18.06,18.08,61900,1118645.0
2026-03-11 13:25:00,2026-03-11,20260311132500000,002987,5,18.08,18.08,18.05,18.05,53500,966515.0
2026-03-11 13:30:00,2026-03-11,20260311133000000,002987,5,18.05,18.06,18.03,18.03,84700,1528557.0
2026-03-11 13:35:00,2026-03-11,20260311133500000,002987,5,18.03,18.04,18.02,18.04,105900,1909259.0
2026-03-11 13:40:00,2026-03-11,20260311134000000,002987,5,18.04,18.04,18.02,18.02,86000,1551001.0
2026-03-11 13:45:00,2026-03-11,20260311134500000,002987,5,18.02,18.03,18.02,18.03,49500,892223.0
2026-03-11 13:50:00,2026-03-11,20260311135000000,002987,5,18.03,18.03,18.02,18.02,72450,1305926.0
2026-03-11 13:55:00,2026-03-11,20260311135500000,002987,5,18.02,18.02,18.0,18.01,193960,3493303.2
2026-03-11 14:00:00,2026-03-11,20260311140000000,002987,5,18.01,18.02,18.0,18.01,77200,1390423.0
2026-03-11 14:05:00,2026-03-11,20260311140500000,002987,5,18.01,18.05,18.01,18.03,68200,1229529.0
2026-03-11 14:10:00,2026-03-11,20260311141000000,002987,5,18.04,18.05,18.03,18.04,53600,966923.0
2026-03-11 14:15:00,2026-03-11,20260311141500000,002987,5,18.04,18.07,18.04,18.05,84000,1516336.0
2026-03-11 14:20:00,2026-03-11,20260311142000000,002987,5,18.05,18.06,18.03,18.04,64400,1162037.0
2026-03-11 14:25:00,2026-03-11,20260311142500000,002987,5,18.05,18.05,18.02,18.04,71300,1285660.0
2026-03-11 14:30:00,2026-03-11,20260311143000000,002987,5,18.02,18.03,18.0,18.01,401440,7228991.0
2026-03-11 14:35:00,2026-03-11,20260311143500000,002987,5,18.01,18.04,18.01,18.03,87700,1580340.0
2026-03-11 14:40:00,2026-03-11,20260311144000000,002987,5,18.03,18.05,18.03,18.05,85500,1542087.0
2026-03-11 14:45:00,2026-03-11,20260311144500000,002987,5,18.04,18.05,18.03,18.04,100700,1816265.0
2026-03-11 14:50:00,2026-03-11,20260311145000000,002987,5,18.03,18.04,18.02,18.03,202139,3645118.78
2026-03-11 14:55:00,2026-03-11,20260311145500000,002987,5,18.04,18.04,18.02,18.04,137800,2484822.0
2026-03-11 15:00:00,2026-03-11,20260311150000000,002987,5,18.03,18.04,18.02,18.03,226733,4088169.99
2026-03-12 09:35:00,2026-03-12,20260312093500000,002987,5,18.0,18.18,17.96,18.15,705400,12768745.0
2026-03-12 09:40:00,2026-03-12,20260312094000000,002987,5,18.16,18.24,18.14,18.24,1070600,19489407.0
2026-03-12 09:45:00,2026-03-12,20260312094500000,002987,5,18.26,18.36,18.26,18.27,1310700,24008342.0
2026-03-12 09:50:00,2026-03-12,20260312095000000,002987,5,18.26,18.27,18.2,18.22,332000,6052132.0
2026-03-12 09:55:00,2026-03-12,20260312095500000,002987,5,18.22,18.24,18.2,18.2,335400,6109438.0
2026-03-12 10:00:00,2026-03-12,20260312100000000,002987,5,18.2,18.25,18.13,18.15,516400,9389288.0
2026-03-12 10:05:00,2026-03-12,20260312100500000,002987,5,18.14,18.24,18.13,18.21,260900,4744509.0
2026-03-12 10:10:00,2026-03-12,20260312101000000,002987,5,18.22,18.26,18.2,18.24,366300,6670812.0
2026-03-12 10:15:00,2026-03-12,20260312101500000,002987,5,18.25,18.25,18.18,18.22,202000,3680155.0
2026-03-12 10:20:00,2026-03-12,20260312102000000,002987,5,18.22,18.23,18.16,18.18,175200,3187592.0
2026-03-12 10:25:00,2026-03-12,20260312102500000,002987,5,18.17,18.23,18.16,18.18,94200,1712771.0
2026-03-12 10:30:00,2026-03-12,20260312103000000,002987,5,18.19,18.21,18.19,18.21,84000,1528672.0
2026-03-12 10:35:00,2026-03-12,20260312103500000,002987,5,18.21,18.27,18.19,18.27,402400,7333371.0
2026-03-12 10:40:00,2026-03-12,20260312104000000,002987,5,18.27,18.28,18.2,18.2,172500,3148662.0
2026-03-12 10:45:00,2026-03-12,20260312104500000,002987,5,18.2,18.28,18.18,18.27,186880,3402046.4
2026-03-12 10:50:00,2026-03-12,20260312105000000,002987,5,18.27,18.28,18.2,18.23,183500,3348853.0
2026-03-12 10:55:00,2026-03-12,20260312105500000,002987,5,18.23,18.26,18.21,18.25,183400,3343998.0
2026-03-12 11:00:00,2026-03-12,20260312110000000,002987,5,18.25,18.25,18.19,18.21,100700,1834298.0
2026-03-12 11:05:00,2026-03-12,20260312110500000,002987,5,18.21,18.22,18.19,18.2,132367,2409306.4
2026-03-12 11:10:00,2026-03-12,20260312111000000,002987,5,18.19,18.2,18.18,18.2,74138,1348558.22
2026-03-12 11:15:00,2026-03-12,20260312111500000,002987,5,18.19,18.34,18.19,18.28,721600,13187167.0
2026-03-12 11:20:00,2026-03-12,20260312112000000,002987,5,18.27,18.29,18.24,18.26,145300,2654145.0
2026-03-12 11:25:00,2026-03-12,20260312112500000,002987,5,18.26,18.26,18.23,18.24,81800,1492297.0
2026-03-12 11:30:00,2026-03-12,20260312113000000,002987,5,18.24,18.32,18.23,18.27,356260,6514929.2
2026-03-12 13:05:00,2026-03-12,20260312130500000,002987,5,18.28,18.28,18.13,18.14,400300,7279224.0
2026-03-12 13:10:00,2026-03-12,20260312131000000,002987,5,18.14,18.21,18.14,18.19,122140,2220335.6
2026-03-12 13:15:00,2026-03-12,20260312131500000,002987,5,18.19,18.25,18.18,18.2,133800,2437497.0
2026-03-12 13:20:00,2026-03-12,20260312132000000,002987,5,18.21,18.21,18.19,18.21,62400,1135797.0
2026-03-12 13:25:00,2026-03-12,20260312132500000,002987,5,18.2,18.23,18.19,18.21,115762,2107144.78
2026-03-12 13:30:00,2026-03-12,20260312133000000,002987,5,18.21,18.23,18.19,18.19,116700,2125649.0
2026-03-12 13:35:00,2026-03-12,20260312133500000,002987,5,18.19,18.24,18.19,18.22,153000,2785803.0
2026-03-12 13:40:00,2026-03-12,20260312134000000,002987,5,18.21,18.25,18.21,18.23,84900,1548259.0
2026-03-12 13:45:00,2026-03-12,20260312134500000,002987,5,18.23,18.24,18.22,18.24,61000,1112193.0
2026-03-12 13:50:00,2026-03-12,20260312135000000,002987,5,18.23,18.24,18.22,18.23,63500,1157694.0
2026-03-12 13:55:00,2026-03-12,20260312135500000,002987,5,18.23,18.24,18.22,18.24,85800,1563675.0
2026-03-12 14:00:00,2026-03-12,20260312140000000,002987,5,18.24,18.27,18.23,18.27,158520,2893697.0
2026-03-12 14:05:00,2026-03-12,20260312140500000,002987,5,18.27,18.29,18.27,18.27,158600,2899609.0
2026-03-12 14:10:00,2026-03-12,20260312141000000,002987,5,18.27,18.39,18.26,18.34,1158780,21260175.8
2026-03-12 14:15:00,2026-03-12,20260312141500000,002987,5,18.35,18.35,18.31,18.33,207800,3810917.6
2026-03-12 14:20:00,2026-03-12,20260312142000000,002987,5,18.33,18.34,18.3,18.34,219448,4019358.4
2026-03-12 14:25:00,2026-03-12,20260312142500000,002987,5,18.34,18.36,18.33,18.33,417600,7659583.0
2026-03-12 14:30:00,2026-03-12,20260312143000000,002987,5,18.33,18.33,18.29,18.3,177300,3245857.0
2026-03-12 14:35:00,2026-03-12,20260312143500000,002987,5,18.29,18.31,18.27,18.3,180700,3305140.0
2026-03-12 14:40:00,2026-03-12,20260312144000000,002987,5,18.3,18.31,18.3,18.31,138000,2526491.0
2026-03-12 14:45:00,2026-03-12,20260312144500000,002987,5,18.3,18.31,18.29,18.3,186900,3419951.0
2026-03-12 14:50:00,2026-03-12,20260312145000000,002987,5,18.3,18.3,18.28,18.29,203100,3714761.0
2026-03-12 14:55:00,2026-03-12,20260312145500000,002987,5,18.28,18.29,18.26,18.27,309040,5647975.4
2026-03-12 15:00:00,2026-03-12,20260312150000000,002987,5,18.28,18.28,18.26,18.27,398900,7288136.0
2026-03-13 09:35:00,2026-03-13,20260313093500000,002987,5,18.15,18.15,17.82,17.92,1660900,29778371.0
2026-03-13 09:40:00,2026-03-13,20260313094000000,002987,5,17.91,17.91,17.72,17.78,1442109,25676779.38
2026-03-13 09:45:00,2026-03-13,20260313094500000,002987,5,17.76,17.77,17.7,17.74,824500,14613737.0
2026-03-13 09:50:00,2026-03-13,20260313095000000,002987,5,17.72,17.76,17.7,17.71,583449,10339450.28
2026-03-13 09:55:00,2026-03-13,20260313095500000,002987,5,17.71,17.8,17.7,17.8,348000,6177936.0
2026-03-13 10:00:00,2026-03-13,20260313100000000,002987,5,17.81,17.85,17.78,17.79,193000,3437742.0
2026-03-13 10:05:00,2026-03-13,20260313100500000,002987,5,17.8,17.85,17.78,17.85,137900,2455138.0
2026-03-13 10:10:00,2026-03-13,20260313101000000,002987,5,17.86,17.89,17.85,17.88,148600,2656447.0
2026-03-13 10:15:00,2026-03-13,20260313101500000,002987,5,17.89,17.89,17.81,17.81,271400,4844120.0
2026-03-13 10:20:00,2026-03-13,20260313102000000,002987,5,17.81,17.85,17.8,17.8,146600,2611184.0
2026-03-13 10:25:00,2026-03-13,20260313102500000,002987,5,17.8,17.82,17.79,17.8,129376,2303646.8
2026-03-13 10:30:00,2026-03-13,20260313103000000,002987,5,17.8,17.83,17.79,17.8,204149,3634009.2
2026-03-13 10:35:00,2026-03-13,20260313103500000,002987,5,17.8,17.84,17.8,17.83,126975,2261544.0
2026-03-13 10:40:00,2026-03-13,20260313104000000,002987,5,17.83,17.85,17.82,17.83,46700,832718.0
2026-03-13 10:45:00,2026-03-13,20260313104500000,002987,5,17.84,17.84,17.81,17.82,71560,1275573.6
2026-03-13 10:50:00,2026-03-13,20260313105000000,002987,5,17.81,17.85,17.81,17.83,90500,1613912.0
2026-03-13 10:55:00,2026-03-13,20260313105500000,002987,5,17.82,17.83,17.8,17.81,146240,2604170.4
2026-03-13 11:00:00,2026-03-13,20260313110000000,002987,5,17.81,17.84,17.81,17.82,89600,1596952.0
2026-03-13 11:05:00,2026-03-13,20260313110500000,002987,5,17.81,17.82,17.8,17.81,108200,1926689.0
2026-03-13 11:10:00,2026-03-13,20260313111000000,002987,5,17.81,17.82,17.79,17.8,120100,2137849.0
2026-03-13 11:15:00,2026-03-13,20260313111500000,002987,5,17.8,17.81,17.77,17.77,186200,3310655.0
2026-03-13 11:20:00,2026-03-13,20260313112000000,002987,5,17.77,17.77,17.73,17.76,196900,3495599.0
2026-03-13 11:25:00,2026-03-13,20260313112500000,002987,5,17.76,17.76,17.74,17.75,68351,1213174.25
2026-03-13 11:30:00,2026-03-13,20260313113000000,002987,5,17.75,17.78,17.75,17.76,70300,1248908.0
2026-03-13 13:05:00,2026-03-13,20260313130500000,002987,5,17.77,17.8,17.76,17.78,212800,3781586.0
2026-03-13 13:10:00,2026-03-13,20260313131000000,002987,5,17.78,17.81,17.75,17.79,100500,1786810.0
2026-03-13 13:15:00,2026-03-13,20260313131500000,002987,5,17.79,17.83,17.78,17.79,119600,2127886.0
2026-03-13 13:20:00,2026-03-13,20260313132000000,002987,5,17.79,17.79,17.75,17.76,136500,2425903.0
2026-03-13 13:25:00,2026-03-13,20260313132500000,002987,5,17.76,17.77,17.74,17.76,116449,2067282.75
2026-03-13 13:30:00,2026-03-13,20260313133000000,002987,5,17.76,17.76,17.73,17.73,116300,2063566.0
2026-03-13 13:35:00,2026-03-13,20260313133500000,002987,5,17.73,17.76,17.72,17.76,162600,2883025.0
2026-03-13 13:40:00,2026-03-13,20260313134000000,002987,5,17.76,17.76,17.73,17.74,68900,1222012.0
2026-03-13 13:45:00,2026-03-13,20260313134500000,002987,5,17.75,17.76,17.73,17.75,99600,1767456.0
2026-03-13 13:50:00,2026-03-13,20260313135000000,002987,5,17.74,17.75,17.72,17.72,150000,2660216.0
2026-03-13 13:55:00,2026-03-13,20260313135500000,002987,5,17.73,17.73,17.7,17.71,285900,5064321.0
2026-03-13 14:00:00,2026-03-13,20260313140000000,002987,5,17.71,17.72,17.7,17.7,266600,4720405.0
2026-03-13 14:05:00,2026-03-13,20260313140500000,002987,5,17.7,17.72,17.68,17.68,535100,9470815.0
2026-03-13 14:10:00,2026-03-13,20260313141000000,002987,5,17.68,17.7,17.67,17.7,118700,2098808.0
2026-03-13 14:15:00,2026-03-13,20260313141500000,002987,5,17.69,17.71,17.69,17.69,92700,1640401.0
2026-03-13 14:20:00,2026-03-13,20260313142000000,002987,5,17.69,17.69,17.66,17.66,203500,3597312.0
2026-03-13 14:25:00,2026-03-13,20260313142500000,002987,5,17.66,17.68,17.66,17.67,136900,2418726.0
2026-03-13 14:30:00,2026-03-13,20260313143000000,002987,5,17.67,17.68,17.66,17.66,157000,2774356.0
2026-03-13 14:35:00,2026-03-13,20260313143500000,002987,5,17.67,17.67,17.63,17.64,390500,6893666.0
2026-03-13 14:40:00,2026-03-13,20260313144000000,002987,5,17.64,17.64,17.61,17.61,291900,5145012.0
2026-03-13 14:45:00,2026-03-13,20260313144500000,002987,5,17.61,17.65,17.61,17.62,305200,5380867.0
2026-03-13 14:50:00,2026-03-13,20260313145000000,002987,5,17.61,17.64,17.6,17.62,551800,9719131.0
2026-03-13 14:55:00,2026-03-13,20260313145500000,002987,5,17.62,17.68,17.62,17.67,344900,6089688.0
2026-03-13 15:00:00,2026-03-13,20260313150000000,002987,5,17.66,17.68,17.66,17.67,284240,5022171.4
2026-03-16 09:35:00,2026-03-16,20260316093500000,002987,5,18.13,18.45,18.13,18.4,6236987,114002813.08
2026-03-16 09:40:00,2026-03-16,20260316094000000,002987,5,18.41,18.5,18.33,18.45,2865043,52849311.33
2026-03-16 09:45:00,2026-03-16,20260316094500000,002987,5,18.45,18.45,18.33,18.33,1164813,21424540.85
2026-03-16 09:50:00,2026-03-16,20260316095000000,002987,5,18.33,18.59,18.31,18.38,1821000,33619016.0
2026-03-16 09:55:00,2026-03-16,20260316095500000,002987,5,18.39,18.42,18.33,18.39,757400,13924892.2
2026-03-16 10:00:00,2026-03-16,20260316100000000,002987,5,18.39,18.43,18.39,18.4,412000,7583288.0
2026-03-16 10:05:00,2026-03-16,20260316100500000,002987,5,18.4,18.58,18.36,18.46,1113300,20561073.2
2026-03-16 10:10:00,2026-03-16,20260316101000000,002987,5,18.47,18.47,18.41,18.45,292900,5401274.0
2026-03-16 10:15:00,2026-03-16,20260316101500000,002987,5,18.45,18.55,18.4,18.5,779400,14400210.0
2026-03-16 10:20:00,2026-03-16,20260316102000000,002987,5,18.5,18.52,18.46,18.48,395700,7316430.0
2026-03-16 10:25:00,2026-03-16,20260316102500000,002987,5,18.47,18.48,18.36,18.36,392600,7225161.0
2026-03-16 10:30:00,2026-03-16,20260316103000000,002987,5,18.37,18.38,18.35,18.37,251100,4610114.0
2026-03-16 10:35:00,2026-03-16,20260316103500000,002987,5,18.37,18.38,18.32,18.32,278898,5118058.36
2026-03-16 10:40:00,2026-03-16,20260316104000000,002987,5,18.32,18.33,18.29,18.29,356202,6521383.64
2026-03-16 10:45:00,2026-03-16,20260316104500000,002987,5,18.29,18.29,18.25,18.26,254300,4645727.0
2026-03-16 10:50:00,2026-03-16,20260316105000000,002987,5,18.26,18.27,18.22,18.23,182300,3325322.0
2026-03-16 10:55:00,2026-03-16,20260316105500000,002987,5,18.23,18.27,18.22,18.27,205600,3751038.6
2026-03-16 11:00:00,2026-03-16,20260316110000000,002987,5,18.26,18.27,18.24,18.24,157900,2883295.0
2026-03-16 11:05:00,2026-03-16,20260316110500000,002987,5,18.25,18.25,18.21,18.21,157980,2879841.4
2026-03-16 11:10:00,2026-03-16,20260316111000000,002987,5,18.21,18.22,18.2,18.22,93300,1699265.0
2026-03-16 11:15:00,2026-03-16,20260316111500000,002987,5,18.21,18.25,18.21,18.25,86200,1571592.0
2026-03-16 11:20:00,2026-03-16,20260316112000000,002987,5,18.24,18.28,18.23,18.28,72800,1329070.0
2026-03-16 11:25:00,2026-03-16,20260316112500000,002987,5,18.28,18.28,18.25,18.28,73300,1338854.04
2026-03-16 11:30:00,2026-03-16,20260316113000000,002987,5,18.28,18.29,18.27,18.27,88200,1612246.0
2026-03-16 13:05:00,2026-03-16,20260316130500000,002987,5,18.28,18.33,18.28,18.32,183300,3354760.0
2026-03-16 13:10:00,2026-03-16,20260316131000000,002987,5,18.32,18.39,18.3,18.32,191840,3518341.4
2026-03-16 13:15:00,2026-03-16,20260316131500000,002987,5,18.32,18.34,18.3,18.31,97500,1786050.0
2026-03-16 13:20:00,2026-03-16,20260316132000000,002987,5,18.31,18.31,18.29,18.3,130200,2382682.0
2026-03-16 13:25:00,2026-03-16,20260316132500000,002987,5,18.29,18.35,18.29,18.31,105995,1941661.14
2026-03-16 13:30:00,2026-03-16,20260316133000000,002987,5,18.31,18.33,18.3,18.3,79469,1454744.7
2026-03-16 13:35:00,2026-03-16,20260316133500000,002987,5,18.29,18.32,18.27,18.27,169931,3108612.3
2026-03-16 13:40:00,2026-03-16,20260316134000000,002987,5,18.27,18.31,18.27,18.31,39475,722359.5
2026-03-16 13:45:00,2026-03-16,20260316134500000,002987,5,18.31,18.32,18.3,18.32,38900,712358.0
2026-03-16 13:50:00,2026-03-16,20260316135000000,002987,5,18.32,18.32,18.28,18.28,64025,1171869.5
2026-03-16 13:55:00,2026-03-16,20260316135500000,002987,5,18.28,18.29,18.27,18.29,75800,1385630.0
2026-03-16 14:00:00,2026-03-16,20260316140000000,002987,5,18.29,18.3,18.28,18.29,68100,1245372.0
2026-03-16 14:05:00,2026-03-16,20260316140500000,002987,5,18.29,18.3,18.28,18.28,116200,2125483.0
2026-03-16 14:10:00,2026-03-16,20260316141000000,002987,5,18.29,18.29,18.28,18.28,82700,1512092.0
2026-03-16 14:15:00,2026-03-16,20260316141500000,002987,5,18.29,18.3,18.28,18.3,102500,1875380.0
2026-03-16 14:20:00,2026-03-16,20260316142000000,002987,5,18.3,18.35,18.3,18.35,258724,4740134.18
2026-03-16 14:25:00,2026-03-16,20260316142500000,002987,5,18.35,18.38,18.33,18.34,185500,3404700.0
2026-03-16 14:30:00,2026-03-16,20260316143000000,002987,5,18.34,18.35,18.32,18.34,73300,1343979.0
2026-03-16 14:35:00,2026-03-16,20260316143500000,002987,5,18.33,18.39,18.32,18.39,360700,6623243.0
2026-03-16 14:40:00,2026-03-16,20260316144000000,002987,5,18.39,18.42,18.38,18.38,371240,6830101.0
2026-03-16 14:45:00,2026-03-16,20260316144500000,002987,5,18.37,18.38,18.34,18.36,289800,5320045.0
2026-03-16 14:50:00,2026-03-16,20260316145000000,002987,5,18.36,18.37,18.35,18.36,282200,5180733.0
2026-03-16 14:55:00,2026-03-16,20260316145500000,002987,5,18.36,18.4,18.35,18.39,591933,10875653.12
2026-03-16 15:00:00,2026-03-16,20260316150000000,002987,5,18.39,18.4,18.38,18.39,467620,8599898.8
2026-03-17 09:35:00,2026-03-17,20260317093500000,002987,5,18.19,18.19,17.95,17.96,2658218,48045935.12
2026-03-17 09:40:00,2026-03-17,20260317094000000,002987,5,17.96,18.03,17.94,17.98,883900,15895646.0
2026-03-17 09:45:00,2026-03-17,20260317094500000,002987,5,17.98,18.04,17.97,18.01,529200,9528319.0
2026-03-17 09:50:00,2026-03-17,20260317095000000,002987,5,18.01,18.05,17.96,17.98,506700,9116464.0
2026-03-17 09:55:00,2026-03-17,20260317095500000,002987,5,17.98,18.05,17.96,18.04,404200,7276418.0
2026-03-17 10:00:00,2026-03-17,20260317100000000,002987,5,18.04,18.14,18.03,18.14,289762,5240252.82
2026-03-17 10:05:00,2026-03-17,20260317100500000,002987,5,18.14,18.2,18.11,18.19,392300,7118269.0
2026-03-17 10:10:00,2026-03-17,20260317101000000,002987,5,18.18,18.32,18.17,18.3,606700,11078018.0
2026-03-17 10:15:00,2026-03-17,20260317101500000,002987,5,18.29,18.3,18.21,18.25,494100,9024114.0
2026-03-17 10:20:00,2026-03-17,20260317102000000,002987,5,18.23,18.23,18.16,18.23,195200,3550758.0
2026-03-17 10:25:00,2026-03-17,20260317102500000,002987,5,18.23,18.23,18.16,18.18,133100,2420619.0
2026-03-17 10:30:00,2026-03-17,20260317103000000,002987,5,18.18,18.2,18.16,18.19,178900,3253235.0
2026-03-17 10:35:00,2026-03-17,20260317103500000,002987,5,18.19,18.25,18.18,18.23,254738,4640919.12
2026-03-17 10:40:00,2026-03-17,20260317104000000,002987,5,18.23,18.23,18.14,18.16,188700,3428091.0
2026-03-17 10:45:00,2026-03-17,20260317104500000,002987,5,18.16,18.17,18.12,18.15,143600,2605202.0
2026-03-17 10:50:00,2026-03-17,20260317105000000,002987,5,18.15,18.16,18.1,18.11,153100,2775323.0
2026-03-17 10:55:00,2026-03-17,20260317105500000,002987,5,18.11,18.12,18.06,18.08,344600,6231075.0
2026-03-17 11:00:00,2026-03-17,20260317110000000,002987,5,18.08,18.1,18.05,18.05,188400,3406038.0
2026-03-17 11:05:00,2026-03-17,20260317110500000,002987,5,18.04,18.06,18.01,18.04,139940,2524145.4
2026-03-17 11:10:00,2026-03-17,20260317111000000,002987,5,18.04,18.05,18.01,18.03,143691,2589464.91
2026-03-17 11:15:00,2026-03-17,20260317111500000,002987,5,18.02,18.05,18.02,18.03,98700,1779525.0
2026-03-17 11:20:00,2026-03-17,20260317112000000,002987,5,18.03,18.06,18.02,18.05,79200,1428642.0
2026-03-17 11:25:00,2026-03-17,20260317112500000,002987,5,18.05,18.05,18.01,18.01,148800,2682157.0
2026-03-17 11:30:00,2026-03-17,20260317113000000,002987,5,18.01,18.08,18.0,18.04,198500,3578436.0
2026-03-17 13:05:00,2026-03-17,20260317130500000,002987,5,18.04,18.15,18.01,18.15,141100,2550762.12
2026-03-17 13:10:00,2026-03-17,20260317131000000,002987,5,18.14,18.14,18.09,18.1,42500,769737.0
2026-03-17 13:15:00,2026-03-17,20260317131500000,002987,5,18.11,18.12,18.05,18.05,94800,1714829.0
2026-03-17 13:20:00,2026-03-17,20260317132000000,002987,5,18.06,18.07,18.05,18.07,82800,1495433.0
2026-03-17 13:25:00,2026-03-17,20260317132500000,002987,5,18.07,18.1,18.04,18.09,71900,1298655.0
2026-03-17 13:30:00,2026-03-17,20260317133000000,002987,5,18.1,18.1,18.04,18.09,90200,1629402.0
2026-03-17 13:35:00,2026-03-17,20260317133500000,002987,5,18.08,18.09,18.05,18.07,66900,1208746.0
2026-03-17 13:40:00,2026-03-17,20260317134000000,002987,5,18.07,18.08,18.05,18.07,43100,778818.0
2026-03-17 13:45:00,2026-03-17,20260317134500000,002987,5,18.06,18.07,18.04,18.04,62500,1128000.0
2026-03-17 13:50:00,2026-03-17,20260317135000000,002987,5,18.04,18.07,18.02,18.06,154300,2783465.0
2026-03-17 13:55:00,2026-03-17,20260317135500000,002987,5,18.05,18.06,18.04,18.05,136900,2470150.0
2026-03-17 14:00:00,2026-03-17,20260317140000000,002987,5,18.05,18.05,17.98,17.99,1149700,20729454.0
2026-03-17 14:05:00,2026-03-17,20260317140500000,002987,5,17.98,18.0,17.93,17.94,425700,7645471.0
2026-03-17 14:10:00,2026-03-17,20260317141000000,002987,5,17.93,17.95,17.92,17.94,176700,3168451.0
2026-03-17 14:15:00,2026-03-17,20260317141500000,002987,5,17.94,17.95,17.92,17.94,130800,2346156.0
2026-03-17 14:20:00,2026-03-17,20260317142000000,002987,5,17.94,17.95,17.91,17.91,223700,4010081.0
2026-03-17 14:25:00,2026-03-17,20260317142500000,002987,5,17.91,17.92,17.91,17.91,158700,2842990.0
2026-03-17 14:30:00,2026-03-17,20260317143000000,002987,5,17.92,17.92,17.88,17.89,360600,6455621.0
2026-03-17 14:35:00,2026-03-17,20260317143500000,002987,5,17.88,17.98,17.88,17.94,280500,5025941.0
2026-03-17 14:40:00,2026-03-17,20260317144000000,002987,5,17.93,17.93,17.9,17.9,114300,2046727.0
2026-03-17 14:45:00,2026-03-17,20260317144500000,002987,5,17.9,17.95,17.9,17.91,178879,3204473.1
2026-03-17 14:50:00,2026-03-17,20260317145000000,002987,5,17.91,17.95,17.9,17.9,293500,5259102.0
2026-03-17 14:55:00,2026-03-17,20260317145500000,002987,5,17.9,17.94,17.9,17.93,404200,7242775.0
2026-03-17 15:00:00,2026-03-17,20260317150000000,002987,5,17.93,17.95,17.91,17.91,380800,6823456.0
2026-03-18 09:35:00,2026-03-18,20260318093500000,002987,5,17.88,17.97,17.71,17.71,930540,16560163.0
2026-03-18 09:40:00,2026-03-18,20260318094000000,002987,5,17.71,17.83,17.64,17.83,687860,12167507.0
2026-03-18 09:45:00,2026-03-18,20260318094500000,002987,5,17.83,17.9,17.75,17.8,376400,6709749.0
2026-03-18 09:50:00,2026-03-18,20260318095000000,002987,5,17.8,17.8,17.67,17.7,319880,5665915.0
2026-03-18 09:55:00,2026-03-18,20260318095500000,002987,5,17.71,17.75,17.65,17.66,333273,5895813.56
2026-03-18 10:00:00,2026-03-18,20260318100000000,002987,5,17.66,17.66,17.58,17.59,777660,13694978.0
2026-03-18 10:05:00,2026-03-18,20260318100500000,002987,5,17.61,17.7,17.6,17.67,199760,3521961.4
2026-03-18 10:10:00,2026-03-18,20260318101000000,002987,5,17.66,17.69,17.61,17.69,133400,2355063.0
2026-03-18 10:15:00,2026-03-18,20260318101500000,002987,5,17.69,17.69,17.65,17.69,152400,2693135.0
2026-03-18 10:20:00,2026-03-18,20260318102000000,002987,5,17.68,17.73,17.66,17.66,229700,4064823.0
2026-03-18 10:25:00,2026-03-18,20260318102500000,002987,5,17.69,17.7,17.67,17.69,123800,2189362.0
2026-03-18 10:30:00,2026-03-18,20260318103000000,002987,5,17.68,17.7,17.67,17.69,68200,1206353.0
2026-03-18 10:35:00,2026-03-18,20260318103500000,002987,5,17.69,17.7,17.64,17.65,139600,2466592.0
2026-03-18 10:40:00,2026-03-18,20260318104000000,002987,5,17.65,17.7,17.64,17.68,127300,2249894.0
2026-03-18 10:45:00,2026-03-18,20260318104500000,002987,5,17.68,17.72,17.67,17.67,101800,1801114.0
2026-03-18 10:50:00,2026-03-18,20260318105000000,002987,5,17.66,17.69,17.64,17.65,92700,1636857.0
2026-03-18 10:55:00,2026-03-18,20260318105500000,002987,5,17.65,17.7,17.64,17.64,54000,953770.0
2026-03-18 11:00:00,2026-03-18,20260318110000000,002987,5,17.64,17.66,17.61,17.66,219700,3873745.0
2026-03-18 11:05:00,2026-03-18,20260318110500000,002987,5,17.65,17.66,17.62,17.62,105400,1859666.0
2026-03-18 11:10:00,2026-03-18,20260318111000000,002987,5,17.62,17.65,17.61,17.64,76600,1350973.0
2026-03-18 11:15:00,2026-03-18,20260318111500000,002987,5,17.64,17.66,17.63,17.64,80500,1420421.0
2026-03-18 11:20:00,2026-03-18,20260318112000000,002987,5,17.64,17.67,17.63,17.67,79200,1397601.0
2026-03-18 11:25:00,2026-03-18,20260318112500000,002987,5,17.67,17.68,17.64,17.64,58700,1036083.0
2026-03-18 11:30:00,2026-03-18,20260318113000000,002987,5,17.64,17.66,17.64,17.65,54700,965370.0
2026-03-18 13:05:00,2026-03-18,20260318130500000,002987,5,17.66,17.75,17.64,17.73,305000,5401009.0
2026-03-18 13:10:00,2026-03-18,20260318131000000,002987,5,17.73,17.74,17.67,17.67,61800,1093896.0
2026-03-18 13:15:00,2026-03-18,20260318131500000,002987,5,17.68,17.68,17.64,17.65,74600,1317105.0
2026-03-18 13:20:00,2026-03-18,20260318132000000,002987,5,17.64,17.65,17.62,17.65,111300,1962304.0
2026-03-18 13:25:00,2026-03-18,20260318132500000,002987,5,17.65,17.66,17.64,17.65,70300,1240864.0
2026-03-18 13:30:00,2026-03-18,20260318133000000,002987,5,17.66,17.66,17.56,17.57,619100,10896030.0
2026-03-18 13:35:00,2026-03-18,20260318133500000,002987,5,17.56,17.61,17.56,17.59,157800,2773346.0
2026-03-18 13:40:00,2026-03-18,20260318134000000,002987,5,17.59,17.65,17.59,17.63,90700,1598791.0
2026-03-18 13:45:00,2026-03-18,20260318134500000,002987,5,17.63,17.67,17.61,17.65,89476,1578461.84
2026-03-18 13:50:00,2026-03-18,20260318135000000,002987,5,17.66,17.7,17.66,17.67,62800,1110103.0
2026-03-18 13:55:00,2026-03-18,20260318135500000,002987,5,17.67,17.68,17.63,17.65,85000,1501057.0
2026-03-18 14:00:00,2026-03-18,20260318140000000,002987,5,17.64,17.65,17.62,17.63,73100,1289190.0
2026-03-18 14:05:00,2026-03-18,20260318140500000,002987,5,17.63,17.68,17.62,17.67,185500,3271677.0
2026-03-18 14:10:00,2026-03-18,20260318141000000,002987,5,17.67,17.7,17.66,17.69,68500,1211536.0
2026-03-18 14:15:00,2026-03-18,20260318141500000,002987,5,17.69,17.7,17.65,17.65,113100,1999798.0
2026-03-18 14:20:00,2026-03-18,20260318142000000,002987,5,17.66,17.69,17.65,17.69,69240,1223428.4
2026-03-18 14:25:00,2026-03-18,20260318142500000,002987,5,17.69,17.74,17.68,17.74,108400,1919911.0
2026-03-18 14:30:00,2026-03-18,20260318143000000,002987,5,17.74,17.74,17.72,17.73,97140,1722404.8
2026-03-18 14:35:00,2026-03-18,20260318143500000,002987,5,17.73,17.74,17.71,17.72,181160,3210905.2
2026-03-18 14:40:00,2026-03-18,20260318144000000,002987,5,17.72,17.74,17.71,17.73,115940,2054434.8
2026-03-18 14:45:00,2026-03-18,20260318144500000,002987,5,17.72,17.75,17.72,17.75,140100,2484866.0
2026-03-18 14:50:00,2026-03-18,20260318145000000,002987,5,17.74,17.76,17.74,17.75,150900,2678542.0
2026-03-18 14:55:00,2026-03-18,20260318145500000,002987,5,17.75,17.78,17.74,17.78,364440,6472411.0
2026-03-18 15:00:00,2026-03-18,20260318150000000,002987,5,17.78,17.78,17.73,17.73,414860,7361689.8
2026-03-19 09:35:00,2026-03-19,20260319093500000,002987,5,17.48,17.53,17.38,17.51,960680,16773819.2
2026-03-19 09:40:00,2026-03-19,20260319094000000,002987,5,17.51,17.67,17.47,17.56,449300,7888217.0
2026-03-19 09:45:00,2026-03-19,20260319094500000,002987,5,17.56,17.6,17.51,17.58,356100,6248415.0
2026-03-19 09:50:00,2026-03-19,20260319095000000,002987,5,17.6,17.6,17.51,17.57,362610,6364405.4
2026-03-19 09:55:00,2026-03-19,20260319095500000,002987,5,17.56,17.58,17.52,17.53,136500,2396740.0
2026-03-19 10:00:00,2026-03-19,20260319100000000,002987,5,17.54,17.62,17.53,17.62,191200,3359768.0
2026-03-19 10:05:00,2026-03-19,20260319100500000,002987,5,17.62,17.62,17.53,17.53,120100,2110151.0
2026-03-19 10:10:00,2026-03-19,20260319101000000,002987,5,17.52,17.57,17.49,17.52,206020,3609385.6
2026-03-19 10:15:00,2026-03-19,20260319101500000,002987,5,17.52,17.52,17.44,17.48,292400,5104560.0
2026-03-19 10:20:00,2026-03-19,20260319102000000,002987,5,17.48,17.5,17.46,17.49,204400,3571909.0
2026-03-19 10:25:00,2026-03-19,20260319102500000,002987,5,17.49,17.58,17.48,17.53,185220,3244297.0
2026-03-19 10:30:00,2026-03-19,20260319103000000,002987,5,17.53,17.65,17.53,17.59,244120,4296900.0
2026-03-19 10:35:00,2026-03-19,20260319103500000,002987,5,17.6,17.6,17.54,17.55,98900,1737280.0
2026-03-19 10:40:00,2026-03-19,20260319104000000,002987,5,17.55,17.6,17.54,17.6,75200,1321096.0
2026-03-19 10:45:00,2026-03-19,20260319104500000,002987,5,17.61,17.65,17.6,17.64,170400,3002810.0
2026-03-19 10:50:00,2026-03-19,20260319105000000,002987,5,17.64,17.65,17.58,17.58,78700,1386740.0
2026-03-19 10:55:00,2026-03-19,20260319105500000,002987,5,17.59,17.66,17.58,17.64,96400,1699490.0
2026-03-19 11:00:00,2026-03-19,20260319110000000,002987,5,17.64,17.64,17.6,17.6,40289,709554.4
2026-03-19 11:05:00,2026-03-19,20260319110500000,002987,5,17.6,17.64,17.6,17.6,59000,1039283.0
2026-03-19 11:10:00,2026-03-19,20260319111000000,002987,5,17.6,17.61,17.58,17.61,68411,1203823.6
2026-03-19 11:15:00,2026-03-19,20260319111500000,002987,5,17.61,17.62,17.59,17.59,47000,827542.0
2026-03-19 11:20:00,2026-03-19,20260319112000000,002987,5,17.59,17.64,17.56,17.62,80471,1416340.6
2026-03-19 11:25:00,2026-03-19,20260319112500000,002987,5,17.62,17.67,17.58,17.6,240200,4235021.58
2026-03-19 11:30:00,2026-03-19,20260319113000000,002987,5,17.6,17.69,17.58,17.66,140500,2477837.0
2026-03-19 13:05:00,2026-03-19,20260319130500000,002987,5,17.67,17.67,17.56,17.6,144200,2538331.0
2026-03-19 13:10:00,2026-03-19,20260319131000000,002987,5,17.6,17.63,17.58,17.58,58800,1034927.0
2026-03-19 13:15:00,2026-03-19,20260319131500000,002987,5,17.58,17.58,17.54,17.55,96200,1688640.0
2026-03-19 13:20:00,2026-03-19,20260319132000000,002987,5,17.55,17.6,17.54,17.57,49940,877183.0
2026-03-19 13:25:00,2026-03-19,20260319132500000,002987,5,17.57,17.58,17.55,17.58,60200,1057593.0
2026-03-19 13:30:00,2026-03-19,20260319133000000,002987,5,17.58,17.58,17.53,17.53,200400,3516681.0
2026-03-19 13:35:00,2026-03-19,20260319133500000,002987,5,17.53,17.56,17.53,17.54,132500,2323436.0
2026-03-19 13:40:00,2026-03-19,20260319134000000,002987,5,17.54,17.55,17.5,17.5,137000,2400906.0
2026-03-19 13:45:00,2026-03-19,20260319134500000,002987,5,17.5,17.53,17.5,17.5,87700,1535491.0
2026-03-19 13:50:00,2026-03-19,20260319135000000,002987,5,17.51,17.51,17.48,17.49,125600,2197477.0
2026-03-19 13:55:00,2026-03-19,20260319135500000,002987,5,17.49,17.77,17.48,17.7,479300,8461372.0
2026-03-19 14:00:00,2026-03-19,20260319140000000,002987,5,17.7,17.7,17.6,17.6,171600,3026679.0
2026-03-19 14:05:00,2026-03-19,20260319140500000,002987,5,17.59,17.7,17.58,17.68,152200,2685114.0
2026-03-19 14:10:00,2026-03-19,20260319141000000,002987,5,17.68,17.68,17.63,17.63,117300,2071075.0
2026-03-19 14:15:00,2026-03-19,20260319141500000,002987,5,17.63,17.65,17.57,17.58,99300,1749222.0
2026-03-19 14:20:00,2026-03-19,20260319142000000,002987,5,17.59,17.6,17.57,17.57,62700,1102742.0
2026-03-19 14:25:00,2026-03-19,20260319142500000,002987,5,17.57,17.58,17.55,17.55,111600,1959419.0
2026-03-19 14:30:00,2026-03-19,20260319143000000,002987,5,17.55,17.56,17.5,17.52,136300,2388554.0
2026-03-19 14:35:00,2026-03-19,20260319143500000,002987,5,17.52,17.55,17.5,17.5,186200,3261690.0
2026-03-19 14:40:00,2026-03-19,20260319144000000,002987,5,17.5,17.51,17.48,17.5,161100,2817871.0
2026-03-19 14:45:00,2026-03-19,20260319144500000,002987,5,17.49,17.5,17.45,17.45,305384,5335798.64
2026-03-19 14:50:00,2026-03-19,20260319145000000,002987,5,17.46,17.48,17.44,17.44,360200,6288537.0
2026-03-19 14:55:00,2026-03-19,20260319145500000,002987,5,17.45,17.5,17.43,17.5,259800,4536574.0
2026-03-19 15:00:00,2026-03-19,20260319150000000,002987,5,17.51,17.52,17.48,17.5,198100,3466990.0
2026-03-20 09:35:00,2026-03-20,20260320093500000,002987,5,17.53,17.62,17.44,17.47,734800,12885424.6
2026-03-20 09:40:00,2026-03-20,20260320094000000,002987,5,17.46,17.5,17.42,17.45,335000,5848026.0
2026-03-20 09:45:00,2026-03-20,20260320094500000,002987,5,17.45,17.5,17.4,17.49,311600,5434301.0
2026-03-20 09:50:00,2026-03-20,20260320095000000,002987,5,17.47,17.53,17.42,17.45,166600,2911534.0
2026-03-20 09:55:00,2026-03-20,20260320095500000,002987,5,17.45,17.45,17.35,17.35,469500,8166060.0
2026-03-20 10:00:00,2026-03-20,20260320100000000,002987,5,17.35,17.37,17.28,17.31,418300,7246327.0
2026-03-20 10:05:00,2026-03-20,20260320100500000,002987,5,17.32,17.34,17.23,17.23,326500,5642971.0
2026-03-20 10:10:00,2026-03-20,20260320101000000,002987,5,17.23,17.28,17.22,17.26,228400,3938255.0
2026-03-20 10:15:00,2026-03-20,20260320101500000,002987,5,17.28,17.28,17.2,17.2,238300,4106968.4
2026-03-20 10:20:00,2026-03-20,20260320102000000,002987,5,17.2,17.26,17.16,17.24,305679,5252530.48
2026-03-20 10:25:00,2026-03-20,20260320102500000,002987,5,17.24,17.24,17.17,17.21,159800,2749127.0
2026-03-20 10:30:00,2026-03-20,20260320103000000,002987,5,17.21,17.21,17.16,17.18,143700,2469153.0
2026-03-20 10:35:00,2026-03-20,20260320103500000,002987,5,17.18,17.19,17.15,17.19,137200,2355660.0
2026-03-20 10:40:00,2026-03-20,20260320104000000,002987,5,17.19,17.19,17.07,17.07,345500,5920159.0
2026-03-20 10:45:00,2026-03-20,20260320104500000,002987,5,17.07,17.12,17.07,17.1,205500,3512360.0
2026-03-20 10:50:00,2026-03-20,20260320105000000,002987,5,17.09,17.15,17.08,17.14,88200,1508962.0
2026-03-20 10:55:00,2026-03-20,20260320105500000,002987,5,17.14,17.15,17.11,17.11,44500,762046.0
2026-03-20 11:00:00,2026-03-20,20260320110000000,002987,5,17.11,17.12,17.03,17.03,381700,6515980.0
2026-03-20 11:05:00,2026-03-20,20260320110500000,002987,5,17.04,17.05,17.03,17.05,173020,2947936.8
2026-03-20 11:10:00,2026-03-20,20260320111000000,002987,5,17.05,17.11,17.04,17.1,114600,1957437.0
2026-03-20 11:15:00,2026-03-20,20260320111500000,002987,5,17.1,17.14,17.1,17.14,104400,1787548.0
2026-03-20 11:20:00,2026-03-20,20260320112000000,002987,5,17.15,17.28,17.15,17.26,222900,3836525.0
2026-03-20 11:25:00,2026-03-20,20260320112500000,002987,5,17.26,17.27,17.24,17.26,96700,1668172.0
2026-03-20 11:30:00,2026-03-20,20260320113000000,002987,5,17.26,17.27,17.22,17.26,48060,828643.8
2026-03-20 13:05:00,2026-03-20,20260320130500000,002987,5,17.26,17.29,17.25,17.27,253900,4385140.0
2026-03-20 13:10:00,2026-03-20,20260320131000000,002987,5,17.27,17.27,17.18,17.22,87300,1503236.0
2026-03-20 13:15:00,2026-03-20,20260320131500000,002987,5,17.23,17.23,17.14,17.14,147600,2534540.0
2026-03-20 13:20:00,2026-03-20,20260320132000000,002987,5,17.14,17.14,17.07,17.1,189300,3236361.0
2026-03-20 13:25:00,2026-03-20,20260320132500000,002987,5,17.11,17.12,17.08,17.09,112600,1925105.0
2026-03-20 13:30:00,2026-03-20,20260320133000000,002987,5,17.09,17.11,17.08,17.1,119400,2041167.0
2026-03-20 13:35:00,2026-03-20,20260320133500000,002987,5,17.09,17.1,17.08,17.08,113800,1944155.0
2026-03-20 13:40:00,2026-03-20,20260320134000000,002987,5,17.08,17.09,17.06,17.07,107900,1842590.0
2026-03-20 13:45:00,2026-03-20,20260320134500000,002987,5,17.07,17.09,17.05,17.07,121600,2075062.0
2026-03-20 13:50:00,2026-03-20,20260320135000000,002987,5,17.06,17.07,17.04,17.05,205000,3496004.6
2026-03-20 13:55:00,2026-03-20,20260320135500000,002987,5,17.05,17.07,16.99,16.99,663300,11283936.0
2026-03-20 14:00:00,2026-03-20,20260320140000000,002987,5,16.99,17.02,16.98,16.99,192700,3276171.0
2026-03-20 14:05:00,2026-03-20,20260320140500000,002987,5,16.99,17.02,16.99,17.01,261862,4452741.38
2026-03-20 14:10:00,2026-03-20,20260320141000000,002987,5,17.01,17.06,16.98,17.0,205200,3491567.0
2026-03-20 14:15:00,2026-03-20,20260320141500000,002987,5,17.0,17.0,16.97,16.97,194900,3309596.0
2026-03-20 14:20:00,2026-03-20,20260320142000000,002987,5,16.99,17.03,16.97,17.02,146800,2494589.0
2026-03-20 14:25:00,2026-03-20,20260320142500000,002987,5,17.01,17.02,16.98,16.99,125300,2129009.0
2026-03-20 14:30:00,2026-03-20,20260320143000000,002987,5,16.99,16.99,16.97,16.98,174480,2962532.6
2026-03-20 14:35:00,2026-03-20,20260320143500000,002987,5,16.97,17.0,16.97,16.98,163240,2771862.2
2026-03-20 14:40:00,2026-03-20,20260320144000000,002987,5,16.97,16.97,16.92,16.92,264600,4484509.0
2026-03-20 14:45:00,2026-03-20,20260320144500000,002987,5,16.92,16.93,16.88,16.89,444000,7503061.0
2026-03-20 14:50:00,2026-03-20,20260320145000000,002987,5,16.88,16.91,16.88,16.89,392200,6626371.0
2026-03-20 14:55:00,2026-03-20,20260320145500000,002987,5,16.89,16.91,16.86,16.86,461900,7801011.0
2026-03-20 15:00:00,2026-03-20,20260320150000000,002987,5,16.85,16.87,16.82,16.82,554000,9325456.88
2026-03-23 09:35:00,2026-03-23,20260323093500000,002987,5,16.57,16.67,16.47,16.47,1788600,29581399.2
2026-03-23 09:40:00,2026-03-23,20260323094000000,002987,5,16.47,16.55,16.38,16.54,921900,15175697.0
2026-03-23 09:45:00,2026-03-23,20260323094500000,002987,5,16.55,16.55,16.43,16.43,345000,5682729.0
2026-03-23 09:50:00,2026-03-23,20260323095000000,002987,5,16.44,16.55,16.43,16.55,293005,4828402.2
2026-03-23 09:55:00,2026-03-23,20260323095500000,002987,5,16.54,16.54,16.41,16.45,265800,4376963.0
2026-03-23 10:00:00,2026-03-23,20260323100000000,002987,5,16.49,16.57,16.45,16.55,272480,4501186.6
2026-03-23 10:05:00,2026-03-23,20260323100500000,002987,5,16.54,16.57,16.51,16.53,115500,1912089.0
2026-03-23 10:10:00,2026-03-23,20260323101000000,002987,5,16.53,16.61,16.52,16.58,231900,3842658.0
2026-03-23 10:15:00,2026-03-23,20260323101500000,002987,5,16.58,16.62,16.56,16.57,223340,3703682.0
2026-03-23 10:20:00,2026-03-23,20260323102000000,002987,5,16.56,16.58,16.52,16.56,119500,1977832.0
2026-03-23 10:25:00,2026-03-23,20260323102500000,002987,5,16.56,16.56,16.52,16.53,150400,2487573.0
2026-03-23 10:30:00,2026-03-23,20260323103000000,002987,5,16.53,16.53,16.47,16.47,162400,2679585.0
2026-03-23 10:35:00,2026-03-23,20260323103500000,002987,5,16.47,16.47,16.42,16.44,208800,3434075.0
2026-03-23 10:40:00,2026-03-23,20260323104000000,002987,5,16.43,16.44,16.4,16.4,218600,3589670.0
2026-03-23 10:45:00,2026-03-23,20260323104500000,002987,5,16.41,16.41,16.39,16.4,212214,3480232.46
2026-03-23 10:50:00,2026-03-23,20260323105000000,002987,5,16.4,16.41,16.37,16.37,180486,2957585.54
2026-03-23 10:55:00,2026-03-23,20260323105500000,002987,5,16.38,16.38,16.3,16.3,487900,7979114.0
2026-03-23 11:00:00,2026-03-23,20260323110000000,002987,5,16.31,16.41,16.3,16.4,199400,3257917.0
2026-03-23 11:05:00,2026-03-23,20260323110500000,002987,5,16.39,16.44,16.39,16.42,119473,1960399.81
2026-03-23 11:10:00,2026-03-23,20260323111000000,002987,5,16.42,16.42,16.38,16.38,89800,1473223.0
2026-03-23 11:15:00,2026-03-23,20260323111500000,002987,5,16.39,16.41,16.36,16.37,71900,1177744.0
2026-03-23 11:20:00,2026-03-23,20260323112000000,002987,5,16.37,16.37,16.33,16.33,69400,1135010.0
2026-03-23 11:25:00,2026-03-23,20260323112500000,002987,5,16.34,16.36,16.33,16.34,63700,1041161.0
2026-03-23 11:30:00,2026-03-23,20260323113000000,002987,5,16.34,16.38,16.3,16.3,137300,2242829.0
2026-03-23 13:05:00,2026-03-23,20260323130500000,002987,5,16.3,16.46,16.29,16.4,345167,5644847.52
2026-03-23 13:10:00,2026-03-23,20260323131000000,002987,5,16.4,16.4,16.24,16.24,194600,3175102.0
2026-03-23 13:15:00,2026-03-23,20260323131500000,002987,5,16.25,16.31,16.2,16.3,225417,3658556.74
2026-03-23 13:20:00,2026-03-23,20260323132000000,002987,5,16.28,16.28,16.21,16.22,215200,3492874.0
2026-03-23 13:25:00,2026-03-23,20260323132500000,002987,5,16.22,16.24,16.15,16.21,218000,3530564.0
2026-03-23 13:30:00,2026-03-23,20260323133000000,002987,5,16.21,16.24,16.14,16.14,236400,3826161.0
2026-03-23 13:35:00,2026-03-23,20260323133500000,002987,5,16.13,16.24,16.12,16.22,340560,5502676.8
2026-03-23 13:40:00,2026-03-23,20260323134000000,002987,5,16.22,16.29,16.19,16.22,211000,3428779.0
2026-03-23 13:45:00,2026-03-23,20260323134500000,002987,5,16.22,16.23,16.11,16.12,183700,2969609.0
2026-03-23 13:50:00,2026-03-23,20260323135000000,002987,5,16.11,16.16,16.1,16.11,217320,3503130.0
2026-03-23 13:55:00,2026-03-23,20260323135500000,002987,5,16.1,16.12,16.04,16.07,268980,4323578.0
2026-03-23 14:00:00,2026-03-23,20260323140000000,002987,5,16.07,16.22,16.07,16.15,193800,3126153.0
2026-03-23 14:05:00,2026-03-23,20260323140500000,002987,5,16.16,16.18,16.06,16.09,144600,2331371.0
2026-03-23 14:10:00,2026-03-23,20260323141000000,002987,5,16.09,16.09,16.04,16.08,168100,2699046.21
2026-03-23 14:15:00,2026-03-23,20260323141500000,002987,5,16.08,16.09,16.01,16.01,260179,4174020.32
2026-03-23 14:20:00,2026-03-23,20260323142000000,002987,5,16.02,16.07,16.0,16.03,404900,6485430.0
2026-03-23 14:25:00,2026-03-23,20260323142500000,002987,5,16.04,16.09,15.91,16.09,290582,4644857.46
2026-03-23 14:30:00,2026-03-23,20260323143000000,002987,5,16.08,16.18,16.07,16.11,174200,2809172.0
2026-03-23 14:35:00,2026-03-23,20260323143500000,002987,5,16.11,16.11,16.01,16.01,164900,2647653.0
2026-03-23 14:40:00,2026-03-23,20260323144000000,002987,5,16.01,16.02,15.99,16.0,181660,2907741.2
2026-03-23 14:45:00,2026-03-23,20260323144500000,002987,5,16.0,16.04,16.0,16.02,465120,7447803.4
2026-03-23 14:50:00,2026-03-23,20260323145000000,002987,5,16.02,16.02,15.93,15.94,393600,6282270.0
2026-03-23 14:55:00,2026-03-23,20260323145500000,002987,5,15.94,16.0,15.94,15.99,332100,5303303.0
2026-03-23 15:00:00,2026-03-23,20260323150000000,002987,5,15.99,16.03,15.99,16.02,399741,6400441.52
2026-03-24 09:35:00,2026-03-24,20260324093500000,002987,5,16.3,16.36,16.18,16.23,836520,13621281.8
2026-03-24 09:40:00,2026-03-24,20260324094000000,002987,5,16.23,16.23,16.12,16.15,392240,6340220.2
2026-03-24 09:45:00,2026-03-24,20260324094500000,002987,5,16.15,16.16,16.08,16.12,428487,6906592.35
2026-03-24 09:50:00,2026-03-24,20260324095000000,002987,5,16.12,16.14,16.05,16.05,202900,3263626.0
2026-03-24 09:55:00,2026-03-24,20260324095500000,002987,5,16.05,16.12,16.04,16.06,211900,3405836.0
2026-03-24 10:00:00,2026-03-24,20260324100000000,002987,5,16.06,16.1,16.03,16.05,190700,3064156.0
2026-03-24 10:05:00,2026-03-24,20260324100500000,002987,5,16.03,16.15,16.0,16.12,242800,3904803.0
2026-03-24 10:10:00,2026-03-24,20260324101000000,002987,5,16.13,16.19,16.12,16.14,190800,3081443.0
2026-03-24 10:15:00,2026-03-24,20260324101500000,002987,5,16.13,16.15,16.12,16.14,83100,1340851.0
2026-03-24 10:20:00,2026-03-24,20260324102000000,002987,5,16.15,16.15,16.1,16.13,156700,2525709.0
2026-03-24 10:25:00,2026-03-24,20260324102500000,002987,5,16.14,16.23,16.13,16.2,346700,5609021.0
2026-03-24 10:30:00,2026-03-24,20260324103000000,002987,5,16.2,16.26,16.18,16.25,252987,4104234.75
2026-03-24 10:35:00,2026-03-24,20260324103500000,002987,5,16.24,16.26,16.21,16.23,160400,2603624.0
2026-03-24 10:40:00,2026-03-24,20260324104000000,002987,5,16.23,16.28,16.23,16.26,187500,3047529.0
2026-03-24 10:45:00,2026-03-24,20260324104500000,002987,5,16.25,16.29,16.23,16.28,151500,2462175.0
2026-03-24 10:50:00,2026-03-24,20260324105000000,002987,5,16.28,16.29,16.24,16.24,117700,1915413.0
2026-03-24 10:55:00,2026-03-24,20260324105500000,002987,5,16.24,16.24,16.21,16.22,128500,2084655.0
2026-03-24 11:00:00,2026-03-24,20260324110000000,002987,5,16.22,16.23,16.21,16.23,38600,626242.0
2026-03-24 11:05:00,2026-03-24,20260324110500000,002987,5,16.22,16.25,16.21,16.22,61500,998094.0
2026-03-24 11:10:00,2026-03-24,20260324111000000,002987,5,16.22,16.26,16.18,16.19,87700,1422673.0
2026-03-24 11:15:00,2026-03-24,20260324111500000,002987,5,16.19,16.21,16.17,16.18,93600,1515358.0
2026-03-24 11:20:00,2026-03-24,20260324112000000,002987,5,16.18,16.22,16.18,16.19,35900,581743.0
2026-03-24 11:25:00,2026-03-24,20260324112500000,002987,5,16.19,16.21,16.17,16.19,68700,1112182.0
2026-03-24 11:30:00,2026-03-24,20260324113000000,002987,5,16.19,16.21,16.16,16.19,84000,1358994.0
2026-03-24 13:05:00,2026-03-24,20260324130500000,002987,5,16.19,16.19,16.11,16.13,156000,2520333.0
2026-03-24 13:10:00,2026-03-24,20260324131000000,002987,5,16.12,16.12,16.08,16.08,96200,1548656.0
2026-03-24 13:15:00,2026-03-24,20260324131500000,002987,5,16.08,16.12,16.08,16.12,76900,1238392.0
2026-03-24 13:20:00,2026-03-24,20260324132000000,002987,5,16.12,16.13,16.11,16.13,39400,635169.0
2026-03-24 13:25:00,2026-03-24,20260324132500000,002987,5,16.13,16.14,16.08,16.08,69400,1117340.0
2026-03-24 13:30:00,2026-03-24,20260324133000000,002987,5,16.08,16.09,16.06,16.06,80800,1298272.0
2026-03-24 13:35:00,2026-03-24,20260324133500000,002987,5,16.06,16.1,16.06,16.1,119700,1924327.0
2026-03-24 13:40:00,2026-03-24,20260324134000000,002987,5,16.1,16.16,16.09,16.13,48500,782101.0
2026-03-24 13:45:00,2026-03-24,20260324134500000,002987,5,16.13,16.16,16.13,16.13,50400,813814.0
2026-03-24 13:50:00,2026-03-24,20260324135000000,002987,5,16.14,16.18,16.14,16.15,56900,919277.0
2026-03-24 13:55:00,2026-03-24,20260324135500000,002987,5,16.15,16.17,16.14,16.15,38800,626908.0
2026-03-24 14:00:00,2026-03-24,20260324140000000,002987,5,16.14,16.17,16.13,16.15,68000,1098325.0
2026-03-24 14:05:00,2026-03-24,20260324140500000,002987,5,16.15,16.23,16.15,16.2,124900,2022053.0
2026-03-24 14:10:00,2026-03-24,20260324141000000,002987,5,16.2,16.25,16.2,16.23,75100,1218518.0
2026-03-24 14:15:00,2026-03-24,20260324141500000,002987,5,16.23,16.28,16.22,16.28,238600,3878093.0
2026-03-24 14:20:00,2026-03-24,20260324142000000,002987,5,16.28,16.38,16.28,16.37,458200,7483704.0
2026-03-24 14:25:00,2026-03-24,20260324142500000,002987,5,16.37,16.4,16.36,16.36,276100,4523046.0
2026-03-24 14:30:00,2026-03-24,20260324143000000,002987,5,16.36,16.37,16.32,16.37,221838,3624918.94
2026-03-24 14:35:00,2026-03-24,20260324143500000,002987,5,16.37,16.39,16.36,16.38,179300,2937346.0
2026-03-24 14:40:00,2026-03-24,20260324144000000,002987,5,16.38,16.4,16.37,16.37,172300,2823300.0
2026-03-24 14:45:00,2026-03-24,20260324144500000,002987,5,16.38,16.4,16.37,16.39,213700,3502311.0
2026-03-24 14:50:00,2026-03-24,20260324145000000,002987,5,16.38,16.4,16.37,16.38,178700,2928693.0
2026-03-24 14:55:00,2026-03-24,20260324145500000,002987,5,16.38,16.4,16.37,16.38,301600,4941500.0
2026-03-24 15:00:00,2026-03-24,20260324150000000,002987,5,16.38,16.39,16.37,16.37,222500,3642911.0
2026-03-25 09:35:00,2026-03-25,20260325093500000,002987,5,16.34,16.5,16.34,16.5,589600,9676229.0
2026-03-25 09:40:00,2026-03-25,20260325094000000,002987,5,16.5,16.52,16.44,16.48,449000,7403733.96
2026-03-25 09:45:00,2026-03-25,20260325094500000,002987,5,16.49,16.53,16.48,16.48,277700,4582933.0
2026-03-25 09:50:00,2026-03-25,20260325095000000,002987,5,16.48,16.5,16.45,16.49,141100,2325152.0
2026-03-25 09:55:00,2026-03-25,20260325095500000,002987,5,16.5,16.55,16.5,16.55,233100,3854773.0
2026-03-25 10:00:00,2026-03-25,20260325100000000,002987,5,16.54,16.55,16.5,16.5,155900,2578092.0
2026-03-25 10:05:00,2026-03-25,20260325100500000,002987,5,16.5,16.5,16.46,16.5,198000,3265015.0
2026-03-25 10:10:00,2026-03-25,20260325101000000,002987,5,16.5,16.52,16.5,16.52,106994,1765788.0
2026-03-25 10:15:00,2026-03-25,20260325101500000,002987,5,16.52,16.52,16.49,16.5,123400,2036480.0
2026-03-25 10:20:00,2026-03-25,20260325102000000,002987,5,16.5,16.54,16.5,16.53,124200,2052393.0
2026-03-25 10:25:00,2026-03-25,20260325102500000,002987,5,16.53,16.53,16.49,16.5,156500,2584519.0
2026-03-25 10:30:00,2026-03-25,20260325103000000,002987,5,16.52,16.53,16.48,16.48,121500,2004689.0
2026-03-25 10:35:00,2026-03-25,20260325103500000,002987,5,16.48,16.5,16.46,16.47,136600,2251100.0
2026-03-25 10:40:00,2026-03-25,20260325104000000,002987,5,16.47,16.47,16.42,16.42,211200,3471660.0
2026-03-25 10:45:00,2026-03-25,20260325104500000,002987,5,16.42,16.47,16.41,16.46,247100,4059150.0
2026-03-25 10:50:00,2026-03-25,20260325105000000,002987,5,16.46,16.48,16.43,16.43,76900,1264975.0
2026-03-25 10:55:00,2026-03-25,20260325105500000,002987,5,16.42,16.45,16.41,16.43,80900,1328888.6
2026-03-25 11:00:00,2026-03-25,20260325110000000,002987,5,16.44,16.44,16.42,16.42,100100,1644628.0
2026-03-25 11:05:00,2026-03-25,20260325110500000,002987,5,16.42,16.43,16.41,16.42,99600,1635698.0
2026-03-25 11:10:00,2026-03-25,20260325111000000,002987,5,16.42,16.45,16.41,16.43,280545,4610507.35
2026-03-25 11:15:00,2026-03-25,20260325111500000,002987,5,16.42,16.45,16.41,16.45,47500,780555.0
2026-03-25 11:20:00,2026-03-25,20260325112000000,002987,5,16.45,16.46,16.44,16.46,69000,1134997.0
2026-03-25 11:25:00,2026-03-25,20260325112500000,002987,5,16.46,16.46,16.41,16.42,105200,1727146.0
2026-03-25 11:30:00,2026-03-25,20260325113000000,002987,5,16.42,16.43,16.4,16.42,58800,965133.0
2026-03-25 13:05:00,2026-03-25,20260325130500000,002987,5,16.42,16.43,16.41,16.42,114200,1875061.0
2026-03-25 13:10:00,2026-03-25,20260325131000000,002987,5,16.43,16.45,16.41,16.43,132240,2172604.8
2026-03-25 13:15:00,2026-03-25,20260325131500000,002987,5,16.43,16.44,16.42,16.43,32200,529084.0
2026-03-25 13:20:00,2026-03-25,20260325132000000,002987,5,16.44,16.46,16.43,16.43,72900,1198810.0
2026-03-25 13:25:00,2026-03-25,20260325132500000,002987,5,16.44,16.45,16.42,16.43,116600,1916067.0
2026-03-25 13:30:00,2026-03-25,20260325133000000,002987,5,16.43,16.44,16.42,16.43,69800,1146614.0
2026-03-25 13:35:00,2026-03-25,20260325133500000,002987,5,16.44,16.44,16.41,16.43,113900,1870507.0
2026-03-25 13:40:00,2026-03-25,20260325134000000,002987,5,16.43,16.44,16.42,16.43,47200,775370.0
2026-03-25 13:45:00,2026-03-25,20260325134500000,002987,5,16.43,16.53,16.43,16.45,327808,5402927.84
2026-03-25 13:50:00,2026-03-25,20260325135000000,002987,5,16.45,16.46,16.39,16.39,388000,6368961.0
2026-03-25 13:55:00,2026-03-25,20260325135500000,002987,5,16.39,16.42,16.37,16.37,291500,4777475.0
2026-03-25 14:00:00,2026-03-25,20260325140000000,002987,5,16.37,16.39,16.36,16.39,104015,1703232.7
2026-03-25 14:05:00,2026-03-25,20260325140500000,002987,5,16.39,16.41,16.37,16.37,143194,2347047.81
2026-03-25 14:10:00,2026-03-25,20260325141000000,002987,5,16.37,16.38,16.35,16.37,207000,3387027.0
2026-03-25 14:15:00,2026-03-25,20260325141500000,002987,5,16.37,16.39,16.34,16.34,270700,4429097.0
2026-03-25 14:20:00,2026-03-25,20260325142000000,002987,5,16.34,16.37,16.34,16.37,125300,2049126.0
2026-03-25 14:25:00,2026-03-25,20260325142500000,002987,5,16.37,16.39,16.36,16.37,80900,1324716.0
2026-03-25 14:30:00,2026-03-25,20260325143000000,002987,5,16.37,16.39,16.37,16.38,109500,1793498.0
2026-03-25 14:35:00,2026-03-25,20260325143500000,002987,5,16.38,16.39,16.37,16.38,99900,1636411.0
2026-03-25 14:40:00,2026-03-25,20260325144000000,002987,5,16.39,16.39,16.37,16.37,105400,1726313.0
2026-03-25 14:45:00,2026-03-25,20260325144500000,002987,5,16.38,16.39,16.35,16.39,277700,4545424.0
2026-03-25 14:50:00,2026-03-25,20260325145000000,002987,5,16.38,16.4,16.38,16.39,167200,2739914.0
2026-03-25 14:55:00,2026-03-25,20260325145500000,002987,5,16.39,16.41,16.39,16.41,244500,4009506.0
2026-03-25 15:00:00,2026-03-25,20260325150000000,002987,5,16.41,16.46,16.41,16.43,275300,4523372.0
2026-03-26 09:35:00,2026-03-26,20260326093500000,002987,5,16.39,16.43,16.33,16.38,269400,4411510.0
2026-03-26 09:40:00,2026-03-26,20260326094000000,002987,5,16.39,16.45,16.38,16.39,223200,3662004.0
2026-03-26 09:45:00,2026-03-26,20260326094500000,002987,5,16.39,16.44,16.37,16.37,165600,2715660.0
2026-03-26 09:50:00,2026-03-26,20260326095000000,002987,5,16.37,16.37,16.31,16.32,282500,4615590.0
2026-03-26 09:55:00,2026-03-26,20260326095500000,002987,5,16.32,16.34,16.3,16.33,215155,3509474.6
2026-03-26 10:00:00,2026-03-26,20260326100000000,002987,5,16.33,16.36,16.32,16.33,102400,1672601.0
2026-03-26 10:05:00,2026-03-26,20260326100500000,002987,5,16.33,16.34,16.31,16.32,96907,1581598.17
2026-03-26 10:10:00,2026-03-26,20260326101000000,002987,5,16.32,16.34,16.32,16.32,78000,1273555.0
2026-03-26 10:15:00,2026-03-26,20260326101500000,002987,5,16.33,16.35,16.32,16.33,72100,1177652.0
2026-03-26 10:20:00,2026-03-26,20260326102000000,002987,5,16.33,16.33,16.29,16.29,191193,3116873.83
2026-03-26 10:25:00,2026-03-26,20260326102500000,002987,5,16.29,16.31,16.28,16.29,81700,1330858.0
2026-03-26 10:30:00,2026-03-26,20260326103000000,002987,5,16.29,16.29,16.28,16.28,100800,1641358.0
2026-03-26 10:35:00,2026-03-26,20260326103500000,002987,5,16.29,16.32,16.27,16.28,152700,2487766.0
2026-03-26 10:40:00,2026-03-26,20260326104000000,002987,5,16.28,16.31,16.26,16.26,77300,1258255.0
2026-03-26 10:45:00,2026-03-26,20260326104500000,002987,5,16.26,16.28,16.26,16.26,80600,1311338.0
2026-03-26 10:50:00,2026-03-26,20260326105000000,002987,5,16.26,16.28,16.22,16.25,181000,2942055.0
2026-03-26 10:55:00,2026-03-26,20260326105500000,002987,5,16.25,16.25,16.22,16.23,90400,1467109.0
2026-03-26 11:00:00,2026-03-26,20260326110000000,002987,5,16.23,16.24,16.21,16.24,106600,1729157.0
2026-03-26 11:05:00,2026-03-26,20260326110500000,002987,5,16.24,16.25,16.21,16.21,89900,1458417.0
2026-03-26 11:10:00,2026-03-26,20260326111000000,002987,5,16.21,16.22,16.19,16.19,133800,2168521.0
2026-03-26 11:15:00,2026-03-26,20260326111500000,002987,5,16.19,16.21,16.18,16.21,132400,2143222.0
2026-03-26 11:20:00,2026-03-26,20260326112000000,002987,5,16.21,16.23,16.19,16.2,48100,779606.0
2026-03-26 11:25:00,2026-03-26,20260326112500000,002987,5,16.2,16.22,16.17,16.2,59789,967803.02
2026-03-26 11:30:00,2026-03-26,20260326113000000,002987,5,16.2,16.22,16.19,16.22,36700,594684.0
2026-03-26 13:05:00,2026-03-26,20260326130500000,002987,5,16.21,16.23,16.19,16.2,69460,1125999.6
2026-03-26 13:10:00,2026-03-26,20260326131000000,002987,5,16.19,16.19,16.13,16.14,148611,2401629.98
2026-03-26 13:15:00,2026-03-26,20260326131500000,002987,5,16.14,16.16,16.12,16.13,135300,2183695.0
2026-03-26 13:20:00,2026-03-26,20260326132000000,002987,5,16.14,16.15,16.12,16.12,116500,1878888.0
2026-03-26 13:25:00,2026-03-26,20260326132500000,002987,5,16.12,16.12,16.07,16.08,179800,2893343.0
2026-03-26 13:30:00,2026-03-26,20260326133000000,002987,5,16.08,16.09,16.05,16.07,446800,7176646.0
2026-03-26 13:35:00,2026-03-26,20260326133500000,002987,5,16.07,16.08,16.05,16.08,150700,2421146.0
2026-03-26 13:40:00,2026-03-26,20260326134000000,002987,5,16.08,16.09,16.06,16.08,61000,980649.0
2026-03-26 13:45:00,2026-03-26,20260326134500000,002987,5,16.08,16.11,16.08,16.09,64700,1041206.0
2026-03-26 13:50:00,2026-03-26,20260326135000000,002987,5,16.08,16.09,16.06,16.08,90300,1451478.0
2026-03-26 13:55:00,2026-03-26,20260326135500000,002987,5,16.08,16.09,16.07,16.09,81900,1316821.0
2026-03-26 14:00:00,2026-03-26,20260326140000000,002987,5,16.09,16.1,16.05,16.06,156400,2513643.0
2026-03-26 14:05:00,2026-03-26,20260326140500000,002987,5,16.06,16.09,16.05,16.07,88800,1427026.0
2026-03-26 14:10:00,2026-03-26,20260326141000000,002987,5,16.08,16.09,16.04,16.04,157500,2529465.0
2026-03-26 14:15:00,2026-03-26,20260326141500000,002987,5,16.05,16.06,16.03,16.03,69300,1111882.0
2026-03-26 14:20:00,2026-03-26,20260326142000000,002987,5,16.03,16.06,16.03,16.03,117900,1890494.0
2026-03-26 14:25:00,2026-03-26,20260326142500000,002987,5,16.03,16.05,16.03,16.05,46600,747477.0
2026-03-26 14:30:00,2026-03-26,20260326143000000,002987,5,16.05,16.05,16.03,16.04,81100,1300633.0
2026-03-26 14:35:00,2026-03-26,20260326143500000,002987,5,16.04,16.05,16.02,16.03,155900,2499485.0
2026-03-26 14:40:00,2026-03-26,20260326144000000,002987,5,16.04,16.06,16.02,16.02,120400,1930674.0
2026-03-26 14:45:00,2026-03-26,20260326144500000,002987,5,16.03,16.03,16.01,16.01,191800,3072276.0
2026-03-26 14:50:00,2026-03-26,20260326145000000,002987,5,16.02,16.02,15.99,16.01,331400,5303503.0
2026-03-26 14:55:00,2026-03-26,20260326145500000,002987,5,16.01,16.06,16.01,16.05,241920,3879504.2
2026-03-26 15:00:00,2026-03-26,20260326150000000,002987,5,16.06,16.06,16.03,16.03,135956,2180720.68
2026-03-27 09:35:00,2026-03-27,20260327093500000,002987,5,15.81,15.99,15.8,15.93,600400,9545534.0
2026-03-27 09:40:00,2026-03-27,20260327094000000,002987,5,15.93,16.05,15.92,16.05,311300,4984046.0
2026-03-27 09:45:00,2026-03-27,20260327094500000,002987,5,16.05,16.07,16.01,16.07,221313,3549123.0
2026-03-27 09:50:00,2026-03-27,20260327095000000,002987,5,16.08,16.11,16.04,16.06,260700,4193492.0
2026-03-27 09:55:00,2026-03-27,20260327095500000,002987,5,16.06,16.12,16.06,16.11,199795,3214101.56
2026-03-27 10:00:00,2026-03-27,20260327100000000,002987,5,16.11,16.14,16.08,16.13,184200,2968225.0
2026-03-27 10:05:00,2026-03-27,20260327100500000,002987,5,16.13,16.18,16.12,16.18,311500,5031589.0
2026-03-27 10:10:00,2026-03-27,20260327101000000,002987,5,16.18,16.2,16.14,16.2,168600,2726128.0
2026-03-27 10:15:00,2026-03-27,20260327101500000,002987,5,16.2,16.21,16.17,16.19,100800,1631537.0
2026-03-27 10:20:00,2026-03-27,20260327102000000,002987,5,16.19,16.23,16.17,16.17,164900,2671171.0
2026-03-27 10:25:00,2026-03-27,20260327102500000,002987,5,16.17,16.18,16.14,16.15,55280,893200.0
2026-03-27 10:30:00,2026-03-27,20260327103000000,002987,5,16.15,16.19,16.15,16.18,93900,1518190.0
2026-03-27 10:35:00,2026-03-27,20260327103500000,002987,5,16.19,16.21,16.18,16.19,127600,2066554.0
2026-03-27 10:40:00,2026-03-27,20260327104000000,002987,5,16.2,16.21,16.16,16.16,112000,1813226.0
2026-03-27 10:45:00,2026-03-27,20260327104500000,002987,5,16.16,16.2,16.16,16.16,130300,2106986.0
2026-03-27 10:50:00,2026-03-27,20260327105000000,002987,5,16.16,16.19,16.15,16.18,98800,1597981.0
2026-03-27 10:55:00,2026-03-27,20260327105500000,002987,5,16.17,16.18,16.14,16.16,88100,1423786.0
2026-03-27 11:00:00,2026-03-27,20260327110000000,002987,5,16.16,16.17,16.14,16.15,163200,2636302.0
2026-03-27 11:05:00,2026-03-27,20260327110500000,002987,5,16.15,16.18,16.15,16.17,121100,1957342.0
2026-03-27 11:10:00,2026-03-27,20260327111000000,002987,5,16.17,16.19,16.16,16.17,43800,708514.0
2026-03-27 11:15:00,2026-03-27,20260327111500000,002987,5,16.17,16.19,16.16,16.17,35200,569590.0
2026-03-27 11:20:00,2026-03-27,20260327112000000,002987,5,16.17,16.19,16.16,16.16,62300,1007594.0
2026-03-27 11:25:00,2026-03-27,20260327112500000,002987,5,16.17,16.18,16.16,16.17,35500,574227.0
2026-03-27 11:30:00,2026-03-27,20260327113000000,002987,5,16.17,16.18,16.16,16.18,26200,423632.0
2026-03-27 13:05:00,2026-03-27,20260327130500000,002987,5,16.17,16.24,16.17,16.22,348340,5647891.0
2026-03-27 13:10:00,2026-03-27,20260327131000000,002987,5,16.22,16.25,16.22,16.25,132500,2151838.0
2026-03-27 13:15:00,2026-03-27,20260327131500000,002987,5,16.25,16.25,16.23,16.25,89500,1453589.0
2026-03-27 13:20:00,2026-03-27,20260327132000000,002987,5,16.25,16.28,16.23,16.27,134700,2190710.0
2026-03-27 13:25:00,2026-03-27,20260327132500000,002987,5,16.26,16.27,16.25,16.25,69800,1134964.0
2026-03-27 13:30:00,2026-03-27,20260327133000000,002987,5,16.25,16.26,16.23,16.25,64700,1050910.0
2026-03-27 13:35:00,2026-03-27,20260327133500000,002987,5,16.25,16.28,16.24,16.25,103300,1679502.0
2026-03-27 13:40:00,2026-03-27,20260327134000000,002987,5,16.25,16.28,16.25,16.27,70300,1143524.6
2026-03-27 13:45:00,2026-03-27,20260327134500000,002987,5,16.27,16.35,16.26,16.31,928840,15139652.2
2026-03-27 13:50:00,2026-03-27,20260327135000000,002987,5,16.31,16.32,16.3,16.31,73300,1195739.0
2026-03-27 13:55:00,2026-03-27,20260327135500000,002987,5,16.3,16.33,16.28,16.28,176495,2876897.5
2026-03-27 14:00:00,2026-03-27,20260327140000000,002987,5,16.27,16.29,16.24,16.26,66300,1078449.0
2026-03-27 14:05:00,2026-03-27,20260327140500000,002987,5,16.26,16.26,16.23,16.23,213900,3476644.0
2026-03-27 14:10:00,2026-03-27,20260327141000000,002987,5,16.23,16.24,16.22,16.22,60600,983416.0
2026-03-27 14:15:00,2026-03-27,20260327141500000,002987,5,16.22,16.25,16.22,16.25,38800,629840.0
2026-03-27 14:20:00,2026-03-27,20260327142000000,002987,5,16.24,16.26,16.24,16.26,66200,1075697.0
2026-03-27 14:25:00,2026-03-27,20260327142500000,002987,5,16.26,16.3,16.24,16.3,182500,2967678.0
2026-03-27 14:30:00,2026-03-27,20260327143000000,002987,5,16.29,16.3,16.26,16.26,59100,962131.0
2026-03-27 14:35:00,2026-03-27,20260327143500000,002987,5,16.26,16.3,16.26,16.3,117000,1906457.0
2026-03-27 14:40:00,2026-03-27,20260327144000000,002987,5,16.3,16.32,16.29,16.3,131000,2135494.0
2026-03-27 14:45:00,2026-03-27,20260327144500000,002987,5,16.29,16.31,16.29,16.29,64900,1057897.0
2026-03-27 14:50:00,2026-03-27,20260327145000000,002987,5,16.3,16.31,16.29,16.3,150700,2456829.0
2026-03-27 14:55:00,2026-03-27,20260327145500000,002987,5,16.3,16.31,16.24,16.26,313300,5098295.0
2026-03-27 15:00:00,2026-03-27,20260327150000000,002987,5,16.28,16.28,16.25,16.27,158600,2579933.0
2026-03-30 09:35:00,2026-03-30,20260330093500000,002987,5,16.09,16.19,16.06,16.16,349500,5630861.0
2026-03-30 09:40:00,2026-03-30,20260330094000000,002987,5,16.15,16.22,16.14,16.17,178100,2880883.0
2026-03-30 09:45:00,2026-03-30,20260330094500000,002987,5,16.17,16.17,16.07,16.07,343500,5532823.0
2026-03-30 09:50:00,2026-03-30,20260330095000000,002987,5,16.06,16.07,15.98,15.98,760800,12199439.0
2026-03-30 09:55:00,2026-03-30,20260330095500000,002987,5,15.98,16.0,15.94,15.95,294300,4697656.0
2026-03-30 10:00:00,2026-03-30,20260330100000000,002987,5,15.95,16.03,15.95,16.0,268700,4296754.0
2026-03-30 10:05:00,2026-03-30,20260330100500000,002987,5,16.0,16.05,16.0,16.03,94500,1514485.0
2026-03-30 10:10:00,2026-03-30,20260330101000000,002987,5,16.03,16.09,16.02,16.09,61900,993583.0
2026-03-30 10:15:00,2026-03-30,20260330101500000,002987,5,16.1,16.12,16.08,16.08,104700,1686208.0
2026-03-30 10:20:00,2026-03-30,20260330102000000,002987,5,16.08,16.15,16.08,16.14,89300,1439545.0
2026-03-30 10:25:00,2026-03-30,20260330102500000,002987,5,16.14,16.16,16.1,16.14,144940,2336610.6
2026-03-30 10:30:00,2026-03-30,20260330103000000,002987,5,16.14,16.19,16.14,16.19,100600,1625880.0
2026-03-30 10:35:00,2026-03-30,20260330103500000,002987,5,16.19,16.2,16.13,16.17,91100,1473212.0
2026-03-30 10:40:00,2026-03-30,20260330104000000,002987,5,16.15,16.18,16.14,16.14,45500,735336.0
2026-03-30 10:45:00,2026-03-30,20260330104500000,002987,5,16.14,16.19,16.14,16.19,55500,897708.0
2026-03-30 10:50:00,2026-03-30,20260330105000000,002987,5,16.18,16.2,16.16,16.2,83000,1343080.0
2026-03-30 10:55:00,2026-03-30,20260330105500000,002987,5,16.19,16.2,16.18,16.18,37500,607294.0
2026-03-30 11:00:00,2026-03-30,20260330110000000,002987,5,16.18,16.2,16.17,16.2,55500,898187.0
2026-03-30 11:05:00,2026-03-30,20260330110500000,002987,5,16.2,16.22,16.17,16.22,85300,1381913.0
2026-03-30 11:10:00,2026-03-30,20260330111000000,002987,5,16.22,16.28,16.2,16.26,162900,2646538.0
2026-03-30 11:15:00,2026-03-30,20260330111500000,002987,5,16.25,16.28,16.23,16.26,95600,1554297.0
2026-03-30 11:20:00,2026-03-30,20260330112000000,002987,5,16.26,16.27,16.23,16.24,84100,1366881.0
2026-03-30 11:25:00,2026-03-30,20260330112500000,002987,5,16.25,16.27,16.24,16.27,62000,1008046.0
2026-03-30 11:30:00,2026-03-30,20260330113000000,002987,5,16.27,16.28,16.24,16.25,73300,1192268.0
2026-03-30 13:05:00,2026-03-30,20260330130500000,002987,5,16.26,16.26,16.21,16.24,118700,1927063.0
2026-03-30 13:10:00,2026-03-30,20260330131000000,002987,5,16.24,16.25,16.21,16.22,93100,1510902.0
2026-03-30 13:15:00,2026-03-30,20260330131500000,002987,5,16.23,16.24,16.21,16.21,48160,781725.6
2026-03-30 13:20:00,2026-03-30,20260330132000000,002987,5,16.22,16.27,16.22,16.27,85200,1384378.0
2026-03-30 13:25:00,2026-03-30,20260330132500000,002987,5,16.27,16.27,16.21,16.22,108500,1763160.0
2026-03-30 13:30:00,2026-03-30,20260330133000000,002987,5,16.22,16.25,16.21,16.21,42300,686327.0
2026-03-30 13:35:00,2026-03-30,20260330133500000,002987,5,16.21,16.27,16.21,16.24,43100,700206.0
2026-03-30 13:40:00,2026-03-30,20260330134000000,002987,5,16.24,16.24,16.21,16.23,42700,693032.0
2026-03-30 13:45:00,2026-03-30,20260330134500000,002987,5,16.23,16.23,16.2,16.2,34900,565846.0
2026-03-30 13:50:00,2026-03-30,20260330135000000,002987,5,16.2,16.22,16.18,16.2,85800,1389199.0
2026-03-30 13:55:00,2026-03-30,20260330135500000,002987,5,16.2,16.25,16.2,16.23,65300,1060408.0
2026-03-30 14:00:00,2026-03-30,20260330140000000,002987,5,16.23,16.26,16.23,16.26,43900,713157.0
2026-03-30 14:05:00,2026-03-30,20260330140500000,002987,5,16.26,16.27,16.23,16.25,102100,1659228.0
2026-03-30 14:10:00,2026-03-30,20260330141000000,002987,5,16.25,16.27,16.25,16.26,70500,1146134.0
2026-03-30 14:15:00,2026-03-30,20260330141500000,002987,5,16.26,16.26,16.24,16.25,64600,1050034.0
2026-03-30 14:20:00,2026-03-30,20260330142000000,002987,5,16.26,16.28,16.25,16.27,105300,1712634.0
2026-03-30 14:25:00,2026-03-30,20260330142500000,002987,5,16.27,16.27,16.24,16.26,55800,906964.0
2026-03-30 14:30:00,2026-03-30,20260330143000000,002987,5,16.25,16.26,16.24,16.26,67400,1095177.0
2026-03-30 14:35:00,2026-03-30,20260330143500000,002987,5,16.26,16.28,16.25,16.28,164194,2671994.38
2026-03-30 14:40:00,2026-03-30,20260330144000000,002987,5,16.29,16.29,16.26,16.28,80800,1315330.0
2026-03-30 14:45:00,2026-03-30,20260330144500000,002987,5,16.28,16.29,16.27,16.29,71600,1165906.0
2026-03-30 14:50:00,2026-03-30,20260330145000000,002987,5,16.3,16.3,16.28,16.29,132500,2158914.0
2026-03-30 14:55:00,2026-03-30,20260330145500000,002987,5,16.29,16.3,16.28,16.29,134940,2198222.6
2026-03-30 15:00:00,2026-03-30,20260330150000000,002987,5,16.29,16.31,16.28,16.29,146973,2394892.57
2026-03-31 09:35:00,2026-03-31,20260331093500000,002987,5,16.26,16.42,16.22,16.38,485600,7942914.0
2026-03-31 09:40:00,2026-03-31,20260331094000000,002987,5,16.39,16.5,16.35,16.47,373400,6139529.0
2026-03-31 09:45:00,2026-03-31,20260331094500000,002987,5,16.49,16.49,16.44,16.47,322200,5303096.0
2026-03-31 09:50:00,2026-03-31,20260331095000000,002987,5,16.47,16.48,16.41,16.43,231200,3801502.0
2026-03-31 09:55:00,2026-03-31,20260331095500000,002987,5,16.43,16.46,16.41,16.42,146255,2403399.75
2026-03-31 10:00:00,2026-03-31,20260331100000000,002987,5,16.42,16.45,16.41,16.45,73400,1205889.0
2026-03-31 10:05:00,2026-03-31,20260331100500000,002987,5,16.44,16.47,16.43,16.43,132500,2179269.0
2026-03-31 10:10:00,2026-03-31,20260331101000000,002987,5,16.43,16.45,16.41,16.44,122700,2015181.0
2026-03-31 10:15:00,2026-03-31,20260331101500000,002987,5,16.44,16.46,16.43,16.45,75800,1246691.0
2026-03-31 10:20:00,2026-03-31,20260331102000000,002987,5,16.44,16.47,16.44,16.45,96900,1594711.0
2026-03-31 10:25:00,2026-03-31,20260331102500000,002987,5,16.44,16.46,16.41,16.41,101600,1668967.0
2026-03-31 10:30:00,2026-03-31,20260331103000000,002987,5,16.41,16.42,16.4,16.4,116400,1909831.0
2026-03-31 10:35:00,2026-03-31,20260331103500000,002987,5,16.4,16.41,16.35,16.35,129600,2123786.0
2026-03-31 10:40:00,2026-03-31,20260331104000000,002987,5,16.35,16.38,16.35,16.37,71400,1168275.0
2026-03-31 10:45:00,2026-03-31,20260331104500000,002987,5,16.37,16.37,16.33,16.35,131700,2152933.0
2026-03-31 10:50:00,2026-03-31,20260331105000000,002987,5,16.35,16.36,16.33,16.34,90200,1474438.0
2026-03-31 10:55:00,2026-03-31,20260331105500000,002987,5,16.34,16.36,16.33,16.33,183500,2998634.0
2026-03-31 11:00:00,2026-03-31,20260331110000000,002987,5,16.33,16.35,16.31,16.31,84000,1371925.0
2026-03-31 11:05:00,2026-03-31,20260331110500000,002987,5,16.31,16.32,16.3,16.31,96800,1578538.0
2026-03-31 11:10:00,2026-03-31,20260331111000000,002987,5,16.31,16.31,16.28,16.29,98000,1596275.0
2026-03-31 11:15:00,2026-03-31,20260331111500000,002987,5,16.29,16.31,16.28,16.28,93500,1523862.0
2026-03-31 11:20:00,2026-03-31,20260331112000000,002987,5,16.29,16.31,16.28,16.3,55800,909075.0
2026-03-31 11:25:00,2026-03-31,20260331112500000,002987,5,16.3,16.33,16.27,16.31,93100,1517636.0
2026-03-31 11:30:00,2026-03-31,20260331113000000,002987,5,16.31,16.34,16.3,16.34,131700,2148548.0
2026-03-31 13:05:00,2026-03-31,20260331130500000,002987,5,16.34,16.36,16.32,16.34,133400,2180351.0
2026-03-31 13:10:00,2026-03-31,20260331131000000,002987,5,16.35,16.38,16.33,16.37,85500,1398608.0
2026-03-31 13:15:00,2026-03-31,20260331131500000,002987,5,16.36,16.37,16.33,16.33,42900,701457.0
2026-03-31 13:20:00,2026-03-31,20260331132000000,002987,5,16.33,16.35,16.33,16.34,49000,800601.0
2026-03-31 13:25:00,2026-03-31,20260331132500000,002987,5,16.34,16.35,16.33,16.33,24780,404942.2
2026-03-31 13:30:00,2026-03-31,20260331133000000,002987,5,16.33,16.35,16.33,16.35,36055,588925.15
2026-03-31 13:35:00,2026-03-31,20260331133500000,002987,5,16.34,16.38,16.34,16.36,117500,1922064.0
2026-03-31 13:40:00,2026-03-31,20260331134000000,002987,5,16.36,16.39,16.33,16.35,62300,1019335.0
2026-03-31 13:45:00,2026-03-31,20260331134500000,002987,5,16.35,16.35,16.31,16.33,52100,850791.0
2026-03-31 13:50:00,2026-03-31,20260331135000000,002987,5,16.33,16.36,16.31,16.36,37500,612502.87
2026-03-31 13:55:00,2026-03-31,20260331135500000,002987,5,16.36,16.36,16.34,16.35,34300,560824.0
2026-03-31 14:00:00,2026-03-31,20260331140000000,002987,5,16.35,16.37,16.32,16.34,71200,1163903.0
2026-03-31 14:05:00,2026-03-31,20260331140500000,002987,5,16.34,16.34,16.3,16.31,59200,965723.0
2026-03-31 14:10:00,2026-03-31,20260331141000000,002987,5,16.31,16.31,16.25,16.25,246400,4012391.0
2026-03-31 14:15:00,2026-03-31,20260331141500000,002987,5,16.25,16.26,16.24,16.25,96500,1567967.0
2026-03-31 14:20:00,2026-03-31,20260331142000000,002987,5,16.25,16.26,16.24,16.26,65000,1056235.0
2026-03-31 14:25:00,2026-03-31,20260331142500000,002987,5,16.26,16.26,16.23,16.25,106600,1731428.0
2026-03-31 14:30:00,2026-03-31,20260331143000000,002987,5,16.25,16.26,16.23,16.25,49100,797510.0
2026-03-31 14:35:00,2026-03-31,20260331143500000,002987,5,16.25,16.26,16.23,16.24,100300,1629506.0
2026-03-31 14:40:00,2026-03-31,20260331144000000,002987,5,16.24,16.26,16.23,16.25,111100,1804550.0
2026-03-31 14:45:00,2026-03-31,20260331144500000,002987,5,16.25,16.25,16.22,16.23,84200,1366943.0
2026-03-31 14:50:00,2026-03-31,20260331145000000,002987,5,16.24,16.25,16.22,16.23,144500,2346546.0
2026-03-31 14:55:00,2026-03-31,20260331145500000,002987,5,16.22,16.27,16.22,16.26,178000,2892764.0
2026-03-31 15:00:00,2026-03-31,20260331150000000,002987,5,16.26,16.3,16.26,16.28,112700,1834734.0
2026-04-01 09:35:00,2026-04-01,20260401093500000,002987,5,16.46,16.51,16.4,16.47,778200,12826142.0
2026-04-01 09:40:00,2026-04-01,20260401094000000,002987,5,16.46,16.46,16.41,16.43,254900,4187908.0
2026-04-01 09:45:00,2026-04-01,20260401094500000,002987,5,16.42,16.45,16.4,16.42,189000,3105511.0
2026-04-01 09:50:00,2026-04-01,20260401095000000,002987,5,16.42,16.44,16.39,16.43,243200,3990285.0
2026-04-01 09:55:00,2026-04-01,20260401095500000,002987,5,16.43,16.45,16.39,16.41,169500,2784728.0
2026-04-01 10:00:00,2026-04-01,20260401100000000,002987,5,16.4,16.46,16.4,16.41,146600,2410011.0
2026-04-01 10:05:00,2026-04-01,20260401100500000,002987,5,16.41,16.45,16.39,16.45,215700,3541704.0
2026-04-01 10:10:00,2026-04-01,20260401101000000,002987,5,16.45,16.48,16.44,16.47,266600,4390057.0
2026-04-01 10:15:00,2026-04-01,20260401101500000,002987,5,16.47,16.5,16.46,16.48,207100,3412701.0
2026-04-01 10:20:00,2026-04-01,20260401102000000,002987,5,16.48,16.48,16.45,16.48,66500,1094686.0
2026-04-01 10:25:00,2026-04-01,20260401102500000,002987,5,16.48,16.48,16.46,16.48,82300,1355158.0
2026-04-01 10:30:00,2026-04-01,20260401103000000,002987,5,16.48,16.48,16.44,16.44,89000,1465369.0
2026-04-01 10:35:00,2026-04-01,20260401103500000,002987,5,16.43,16.47,16.42,16.46,155900,2564152.0
2026-04-01 10:40:00,2026-04-01,20260401104000000,002987,5,16.48,16.48,16.45,16.46,237640,3912553.4
2026-04-01 10:45:00,2026-04-01,20260401104500000,002987,5,16.46,16.46,16.45,16.46,43800,720823.0
2026-04-01 10:50:00,2026-04-01,20260401105000000,002987,5,16.45,16.47,16.43,16.43,49300,811280.0
2026-04-01 10:55:00,2026-04-01,20260401105500000,002987,5,16.43,16.46,16.43,16.46,31700,521460.0
2026-04-01 11:00:00,2026-04-01,20260401110000000,002987,5,16.46,16.46,16.44,16.44,79700,1310768.0
2026-04-01 11:05:00,2026-04-01,20260401110500000,002987,5,16.44,16.45,16.42,16.42,72900,1197857.0
2026-04-01 11:10:00,2026-04-01,20260401111000000,002987,5,16.42,16.43,16.4,16.42,72400,1188201.0
2026-04-01 11:15:00,2026-04-01,20260401111500000,002987,5,16.42,16.43,16.41,16.41,45700,750349.0
2026-04-01 11:20:00,2026-04-01,20260401112000000,002987,5,16.41,16.45,16.41,16.45,33400,548830.0
2026-04-01 11:25:00,2026-04-01,20260401112500000,002987,5,16.44,16.45,16.44,16.44,33900,557401.0
2026-04-01 11:30:00,2026-04-01,20260401113000000,002987,5,16.44,16.45,16.44,16.45,60800,1000026.0
2026-04-01 13:05:00,2026-04-01,20260401130500000,002987,5,16.44,16.46,16.42,16.42,69300,1139109.16
2026-04-01 13:10:00,2026-04-01,20260401131000000,002987,5,16.42,16.45,16.42,16.45,39200,644750.0
2026-04-01 13:15:00,2026-04-01,20260401131500000,002987,5,16.45,16.47,16.45,16.45,49884,821063.64
2026-04-01 13:20:00,2026-04-01,20260401132000000,002987,5,16.45,16.47,16.45,16.45,32100,528224.0
2026-04-01 13:25:00,2026-04-01,20260401132500000,002987,5,16.45,16.45,16.42,16.44,42500,698542.0
2026-04-01 13:30:00,2026-04-01,20260401133000000,002987,5,16.42,16.47,16.42,16.47,103960,1710721.0
2026-04-01 13:35:00,2026-04-01,20260401133500000,002987,5,16.48,16.48,16.46,16.47,132100,2176028.0
2026-04-01 13:40:00,2026-04-01,20260401134000000,002987,5,16.47,16.48,16.46,16.47,66200,1090270.0
2026-04-01 13:45:00,2026-04-01,20260401134500000,002987,5,16.47,16.48,16.44,16.45,30900,508515.0
2026-04-01 13:50:00,2026-04-01,20260401135000000,002987,5,16.45,16.47,16.44,16.45,33900,557716.0
2026-04-01 13:55:00,2026-04-01,20260401135500000,002987,5,16.45,16.45,16.43,16.43,41800,687387.0
2026-04-01 14:00:00,2026-04-01,20260401140000000,002987,5,16.43,16.44,16.39,16.4,487200,7992445.0
2026-04-01 14:05:00,2026-04-01,20260401140500000,002987,5,16.41,16.41,16.38,16.4,66400,1088903.0
2026-04-01 14:10:00,2026-04-01,20260401141000000,002987,5,16.4,16.41,16.39,16.4,53100,870685.0
2026-04-01 14:15:00,2026-04-01,20260401141500000,002987,5,16.4,16.41,16.39,16.41,47544,779791.6
2026-04-01 14:20:00,2026-04-01,20260401142000000,002987,5,16.41,16.43,16.4,16.43,46550,764073.5
2026-04-01 14:25:00,2026-04-01,20260401142500000,002987,5,16.43,16.44,16.42,16.43,35500,583405.0
2026-04-01 14:30:00,2026-04-01,20260401143000000,002987,5,16.43,16.44,16.41,16.42,33300,546876.0
2026-04-01 14:35:00,2026-04-01,20260401143500000,002987,5,16.42,16.44,16.42,16.43,41640,684167.8
2026-04-01 14:40:00,2026-04-01,20260401144000000,002987,5,16.43,16.44,16.42,16.43,111300,1828814.0
2026-04-01 14:45:00,2026-04-01,20260401144500000,002987,5,16.43,16.44,16.42,16.44,38400,631056.0
2026-04-01 14:50:00,2026-04-01,20260401145000000,002987,5,16.45,16.46,16.44,16.44,171800,2825558.0
2026-04-01 14:55:00,2026-04-01,20260401145500000,002987,5,16.44,16.48,16.44,16.48,269300,4433737.0
2026-04-01 15:00:00,2026-04-01,20260401150000000,002987,5,16.48,16.5,16.47,16.47,247500,4078962.8
2026-04-02 09:35:00,2026-04-02,20260402093500000,002987,5,16.4,16.4,16.3,16.33,411700,6733462.0
2026-04-02 09:40:00,2026-04-02,20260402094000000,002987,5,16.31,16.38,16.31,16.36,175120,2860898.0
2026-04-02 09:45:00,2026-04-02,20260402094500000,002987,5,16.36,16.39,16.35,16.35,141200,2312225.0
2026-04-02 09:50:00,2026-04-02,20260402095000000,002987,5,16.35,16.36,16.31,16.33,122900,2005935.0
2026-04-02 09:55:00,2026-04-02,20260402095500000,002987,5,16.33,16.36,16.31,16.34,102400,1672284.0
2026-04-02 10:00:00,2026-04-02,20260402100000000,002987,5,16.35,16.35,16.32,16.34,75100,1226933.0
2026-04-02 10:05:00,2026-04-02,20260402100500000,002987,5,16.34,16.35,16.32,16.32,52500,857439.0
2026-04-02 10:10:00,2026-04-02,20260402101000000,002987,5,16.32,16.34,16.28,16.29,188100,3066605.0
2026-04-02 10:15:00,2026-04-02,20260402101500000,002987,5,16.3,16.3,16.25,16.26,151800,2469623.0
2026-04-02 10:20:00,2026-04-02,20260402102000000,002987,5,16.26,16.27,16.22,16.22,155600,2526740.0
2026-04-02 10:25:00,2026-04-02,20260402102500000,002987,5,16.22,16.23,16.2,16.21,214000,3468182.0
2026-04-02 10:30:00,2026-04-02,20260402103000000,002987,5,16.21,16.24,16.2,16.23,77000,1248816.0
2026-04-02 10:35:00,2026-04-02,20260402103500000,002987,5,16.23,16.24,16.2,16.21,77600,1258835.0
2026-04-02 10:40:00,2026-04-02,20260402104000000,002987,5,16.2,16.22,16.19,16.2,105600,1710857.0
2026-04-02 10:45:00,2026-04-02,20260402104500000,002987,5,16.21,16.21,16.19,16.2,75700,1226608.0
2026-04-02 10:50:00,2026-04-02,20260402105000000,002987,5,16.21,16.24,16.2,16.22,23000,373025.0
2026-04-02 10:55:00,2026-04-02,20260402105500000,002987,5,16.23,16.25,16.23,16.23,33000,535861.0
2026-04-02 11:00:00,2026-04-02,20260402110000000,002987,5,16.23,16.24,16.22,16.23,26600,431783.0
2026-04-02 11:05:00,2026-04-02,20260402110500000,002987,5,16.23,16.24,16.21,16.22,27800,451176.0
2026-04-02 11:10:00,2026-04-02,20260402111000000,002987,5,16.24,16.24,16.2,16.2,26700,432984.0
2026-04-02 11:15:00,2026-04-02,20260402111500000,002987,5,16.2,16.22,16.19,16.19,69500,1126185.0
2026-04-02 11:20:00,2026-04-02,20260402112000000,002987,5,16.2,16.2,16.18,16.18,22700,367449.0
2026-04-02 11:25:00,2026-04-02,20260402112500000,002987,5,16.18,16.22,16.18,16.19,29400,476235.0
2026-04-02 11:30:00,2026-04-02,20260402113000000,002987,5,16.19,16.22,16.19,16.22,35000,567228.0
2026-04-02 13:05:00,2026-04-02,20260402130500000,002987,5,16.21,16.22,16.15,16.15,135200,2186113.0
2026-04-02 13:10:00,2026-04-02,20260402131000000,002987,5,16.15,16.17,16.14,16.17,42100,680213.0
2026-04-02 13:15:00,2026-04-02,20260402131500000,002987,5,16.17,16.17,16.15,16.16,28200,455736.0
2026-04-02 13:20:00,2026-04-02,20260402132000000,002987,5,16.17,16.17,16.14,16.14,43000,694653.0
2026-04-02 13:25:00,2026-04-02,20260402132500000,002987,5,16.14,16.17,16.14,16.16,54900,886911.0
2026-04-02 13:30:00,2026-04-02,20260402133000000,002987,5,16.16,16.17,16.14,16.16,65400,1056235.0
2026-04-02 13:35:00,2026-04-02,20260402133500000,002987,5,16.16,16.18,16.15,16.15,47000,759591.0
2026-04-02 13:40:00,2026-04-02,20260402134000000,002987,5,16.15,16.16,16.13,16.14,88600,1430605.0
2026-04-02 13:45:00,2026-04-02,20260402134500000,002987,5,16.13,16.17,16.13,16.15,28600,461788.0
2026-04-02 13:50:00,2026-04-02,20260402135000000,002987,5,16.15,16.16,16.14,16.14,32300,521552.0
2026-04-02 13:55:00,2026-04-02,20260402135500000,002987,5,16.14,16.15,16.09,16.1,152700,2460840.0
2026-04-02 14:00:00,2026-04-02,20260402140000000,002987,5,16.09,16.09,16.08,16.08,70800,1138921.0
2026-04-02 14:05:00,2026-04-02,20260402140500000,002987,5,16.08,16.09,16.02,16.05,153000,2456258.0
2026-04-02 14:10:00,2026-04-02,20260402141000000,002987,5,16.05,16.07,16.04,16.06,69600,1117293.0
2026-04-02 14:15:00,2026-04-02,20260402141500000,002987,5,16.07,16.1,16.03,16.1,111800,1795501.0
2026-04-02 14:20:00,2026-04-02,20260402142000000,002987,5,16.1,16.14,16.09,16.12,100500,1619604.0
2026-04-02 14:25:00,2026-04-02,20260402142500000,002987,5,16.12,16.15,16.1,16.12,37200,600131.0
2026-04-02 14:30:00,2026-04-02,20260402143000000,002987,5,16.13,16.17,16.11,16.11,76700,1238138.0
2026-04-02 14:35:00,2026-04-02,20260402143500000,002987,5,16.11,16.14,16.1,16.12,51721,833567.1
2026-04-02 14:40:00,2026-04-02,20260402144000000,002987,5,16.12,16.14,16.08,16.11,99471,1602759.68
2026-04-02 14:45:00,2026-04-02,20260402144500000,002987,5,16.11,16.11,16.09,16.09,47500,764842.0
2026-04-02 14:50:00,2026-04-02,20260402145000000,002987,5,16.11,16.11,16.08,16.1,93400,1502949.0
2026-04-02 14:55:00,2026-04-02,20260402145500000,002987,5,16.11,16.15,16.1,16.1,218000,3512467.0
2026-04-02 15:00:00,2026-04-02,20260402150000000,002987,5,16.09,16.12,16.09,16.12,186165,2997648.8
2026-04-03 09:35:00,2026-04-03,20260403093500000,002987,5,16.58,16.72,16.37,16.41,1684420,27843232.2
2026-04-03 09:40:00,2026-04-03,20260403094000000,002987,5,16.4,16.42,16.26,16.27,479600,7841486.0
2026-04-03 09:45:00,2026-04-03,20260403094500000,002987,5,16.28,16.3,16.21,16.3,197900,3217108.0
2026-04-03 09:50:00,2026-04-03,20260403095000000,002987,5,16.3,16.32,16.26,16.29,234300,3817635.0
2026-04-03 09:55:00,2026-04-03,20260403095500000,002987,5,16.29,16.32,16.28,16.31,191900,3127107.0
2026-04-03 10:00:00,2026-04-03,20260403100000000,002987,5,16.31,16.34,16.28,16.3,128500,2096899.0
2026-04-03 10:05:00,2026-04-03,20260403100500000,002987,5,16.32,16.32,16.22,16.22,317900,5173627.0
2026-04-03 10:10:00,2026-04-03,20260403101000000,002987,5,16.22,16.24,16.21,16.22,95940,1556323.4
2026-04-03 10:15:00,2026-04-03,20260403101500000,002987,5,16.22,16.29,16.22,16.29,145800,2370778.0
2026-04-03 10:20:00,2026-04-03,20260403102000000,002987,5,16.32,16.34,16.27,16.28,139500,2274056.0
2026-04-03 10:25:00,2026-04-03,20260403102500000,002987,5,16.28,16.29,16.25,16.26,64600,1051095.0
2026-04-03 10:30:00,2026-04-03,20260403103000000,002987,5,16.25,16.28,16.24,16.27,113900,1851232.0
2026-04-03 10:35:00,2026-04-03,20260403103500000,002987,5,16.27,16.3,16.26,16.3,70700,1151229.0
2026-04-03 10:40:00,2026-04-03,20260403104000000,002987,5,16.3,16.3,16.26,16.26,51700,841386.0
2026-04-03 10:45:00,2026-04-03,20260403104500000,002987,5,16.26,16.27,16.22,16.22,92900,1509341.0
2026-04-03 10:50:00,2026-04-03,20260403105000000,002987,5,16.22,16.23,16.21,16.22,30900,501159.0
2026-04-03 10:55:00,2026-04-03,20260403105500000,002987,5,16.22,16.24,16.21,16.22,36600,593729.0
2026-04-03 11:00:00,2026-04-03,20260403110000000,002987,5,16.22,16.23,16.21,16.21,61500,997143.0
2026-04-03 11:05:00,2026-04-03,20260403110500000,002987,5,16.21,16.22,16.16,16.18,132700,2148681.0
2026-04-03 11:10:00,2026-04-03,20260403111000000,002987,5,16.18,16.19,16.17,16.19,30100,486824.0
2026-04-03 11:15:00,2026-04-03,20260403111500000,002987,5,16.19,16.19,16.15,16.15,52700,852335.0
2026-04-03 11:20:00,2026-04-03,20260403112000000,002987,5,16.15,16.16,16.12,16.14,91900,1482969.0
2026-04-03 11:25:00,2026-04-03,20260403112500000,002987,5,16.14,16.16,16.13,16.13,45000,726651.0
2026-04-03 11:30:00,2026-04-03,20260403113000000,002987,5,16.13,16.15,16.12,16.14,17100,275928.0
2026-04-03 13:05:00,2026-04-03,20260403130500000,002987,5,16.14,16.15,16.1,16.1,131500,2120449.0
2026-04-03 13:10:00,2026-04-03,20260403131000000,002987,5,16.1,16.12,16.06,16.07,160200,2576378.0
2026-04-03 13:15:00,2026-04-03,20260403131500000,002987,5,16.08,16.08,16.05,16.05,88800,1426709.0
2026-04-03 13:20:00,2026-04-03,20260403132000000,002987,5,16.05,16.08,16.05,16.06,36600,587974.0
2026-04-03 13:25:00,2026-04-03,20260403132500000,002987,5,16.06,16.09,16.05,16.09,131600,2114112.0
2026-04-03 13:30:00,2026-04-03,20260403133000000,002987,5,16.1,16.1,16.08,16.09,45000,724142.0
2026-04-03 13:35:00,2026-04-03,20260403133500000,002987,5,16.08,16.1,16.07,16.08,57500,924437.0
2026-04-03 13:40:00,2026-04-03,20260403134000000,002987,5,16.08,16.19,16.08,16.15,76500,1234539.0
2026-04-03 13:45:00,2026-04-03,20260403134500000,002987,5,16.15,16.18,16.13,16.17,28800,465270.0
2026-04-03 13:50:00,2026-04-03,20260403135000000,002987,5,16.17,16.17,16.12,16.14,49000,791165.0
2026-04-03 13:55:00,2026-04-03,20260403135500000,002987,5,16.14,16.17,16.11,16.14,64100,1034121.0
2026-04-03 14:00:00,2026-04-03,20260403140000000,002987,5,16.14,16.15,16.12,16.14,21300,343749.0
2026-04-03 14:05:00,2026-04-03,20260403140500000,002987,5,16.14,16.19,16.11,16.12,84700,1368000.0
2026-04-03 14:10:00,2026-04-03,20260403141000000,002987,5,16.12,16.13,16.08,16.09,75600,1217312.0
2026-04-03 14:15:00,2026-04-03,20260403141500000,002987,5,16.09,16.13,16.09,16.12,32800,528673.0
2026-04-03 14:20:00,2026-04-03,20260403142000000,002987,5,16.12,16.12,16.1,16.11,43300,697552.0
2026-04-03 14:25:00,2026-04-03,20260403142500000,002987,5,16.11,16.13,16.08,16.09,164622,2651413.76
2026-04-03 14:30:00,2026-04-03,20260403143000000,002987,5,16.09,16.09,16.07,16.08,47000,755780.0
2026-04-03 14:35:00,2026-04-03,20260403143500000,002987,5,16.08,16.09,16.05,16.05,118600,1905451.0
2026-04-03 14:40:00,2026-04-03,20260403144000000,002987,5,16.05,16.07,16.04,16.05,149100,2392557.0
2026-04-03 14:45:00,2026-04-03,20260403144500000,002987,5,16.04,16.07,16.04,16.06,54380,872802.2
2026-04-03 14:50:00,2026-04-03,20260403145000000,002987,5,16.06,16.07,16.04,16.06,116920,1877279.0
2026-04-03 14:55:00,2026-04-03,20260403145500000,002987,5,16.06,16.08,16.05,16.06,242200,3890151.0
2026-04-03 15:00:00,2026-04-03,20260403150000000,002987,5,16.06,16.07,16.05,16.06,182000,2922710.0
2026-04-07 09:35:00,2026-04-07,20260407093500000,002987,5,16.15,16.4,16.07,16.39,1348200,21917112.0
2026-04-07 09:40:00,2026-04-07,20260407094000000,002987,5,16.4,16.43,16.31,16.35,682947,11178829.45
2026-04-07 09:45:00,2026-04-07,20260407094500000,002987,5,16.37,16.43,16.32,16.36,438400,7187359.0
2026-04-07 09:50:00,2026-04-07,20260407095000000,002987,5,16.37,16.41,16.36,16.37,335500,5499259.0
2026-04-07 09:55:00,2026-04-07,20260407095500000,002987,5,16.37,16.41,16.37,16.37,234500,3844136.0
2026-04-07 10:00:00,2026-04-07,20260407100000000,002987,5,16.37,16.39,16.36,16.37,248600,4071334.0
2026-04-07 10:05:00,2026-04-07,20260407100500000,002987,5,16.37,16.45,16.34,16.45,683895,11221050.98
2026-04-07 10:10:00,2026-04-07,20260407101000000,002987,5,16.45,16.53,16.44,16.52,659520,10873236.0
2026-04-07 10:15:00,2026-04-07,20260407101500000,002987,5,16.52,16.55,16.51,16.55,522240,8630478.4
2026-04-07 10:20:00,2026-04-07,20260407102000000,002987,5,16.55,16.56,16.51,16.52,179900,2974452.0
2026-04-07 10:25:00,2026-04-07,20260407102500000,002987,5,16.52,16.54,16.45,16.5,256200,4226331.0
2026-04-07 10:30:00,2026-04-07,20260407103000000,002987,5,16.5,16.54,16.47,16.52,250900,4142599.0
2026-04-07 10:35:00,2026-04-07,20260407103500000,002987,5,16.52,16.54,16.49,16.52,258976,4278405.0
2026-04-07 10:40:00,2026-04-07,20260407104000000,002987,5,16.53,16.54,16.5,16.5,181400,2998748.0
2026-04-07 10:45:00,2026-04-07,20260407104500000,002987,5,16.5,16.5,16.44,16.46,122800,2022187.0
2026-04-07 10:50:00,2026-04-07,20260407105000000,002987,5,16.45,16.47,16.42,16.47,88200,1450275.0
2026-04-07 10:55:00,2026-04-07,20260407105500000,002987,5,16.46,16.47,16.43,16.43,52300,860466.0
2026-04-07 11:00:00,2026-04-07,20260407110000000,002987,5,16.44,16.44,16.42,16.43,73000,1199220.0
2026-04-07 11:05:00,2026-04-07,20260407110500000,002987,5,16.43,16.46,16.43,16.45,58300,958864.8
2026-04-07 11:10:00,2026-04-07,20260407111000000,002987,5,16.45,16.45,16.42,16.43,34000,558812.0
2026-04-07 11:15:00,2026-04-07,20260407111500000,002987,5,16.43,16.44,16.39,16.39,106300,1744398.0
2026-04-07 11:20:00,2026-04-07,20260407112000000,002987,5,16.39,16.39,16.36,16.36,100200,1640746.0
2026-04-07 11:25:00,2026-04-07,20260407112500000,002987,5,16.36,16.36,16.32,16.33,115800,1892305.0
2026-04-07 11:30:00,2026-04-07,20260407113000000,002987,5,16.33,16.34,16.28,16.28,268100,4373143.0
2026-04-07 13:05:00,2026-04-07,20260407130500000,002987,5,16.28,16.3,16.27,16.3,128300,2089130.0
2026-04-07 13:10:00,2026-04-07,20260407131000000,002987,5,16.3,16.31,16.28,16.29,55100,897947.0
2026-04-07 13:15:00,2026-04-07,20260407131500000,002987,5,16.3,16.3,16.25,16.25,111300,1811870.0
2026-04-07 13:20:00,2026-04-07,20260407132000000,002987,5,16.25,16.27,16.24,16.26,87000,1413986.0
2026-04-07 13:25:00,2026-04-07,20260407132500000,002987,5,16.26,16.3,16.25,16.29,57300,932364.0
2026-04-07 13:30:00,2026-04-07,20260407133000000,002987,5,16.29,16.3,16.27,16.3,54400,886104.0
2026-04-07 13:35:00,2026-04-07,20260407133500000,002987,5,16.3,16.33,16.29,16.31,40100,654072.0
2026-04-07 13:40:00,2026-04-07,20260407134000000,002987,5,16.31,16.35,16.31,16.33,41400,676190.0
2026-04-07 13:45:00,2026-04-07,20260407134500000,002987,5,16.32,16.32,16.3,16.3,53800,877339.0
2026-04-07 13:50:00,2026-04-07,20260407135000000,002987,5,16.3,16.31,16.3,16.3,35100,572384.0
2026-04-07 13:55:00,2026-04-07,20260407135500000,002987,5,16.3,16.34,16.3,16.32,67500,1100928.0
2026-04-07 14:00:00,2026-04-07,20260407140000000,002987,5,16.32,16.35,16.32,16.34,27200,444327.0
2026-04-07 14:05:00,2026-04-07,20260407140500000,002987,5,16.34,16.35,16.32,16.33,46700,763049.0
2026-04-07 14:10:00,2026-04-07,20260407141000000,002987,5,16.32,16.35,16.3,16.34,77200,1260144.73
2026-04-07 14:15:00,2026-04-07,20260407141500000,002987,5,16.34,16.34,16.31,16.31,31427,513000.91
2026-04-07 14:20:00,2026-04-07,20260407142000000,002987,5,16.33,16.34,16.31,16.32,46100,752767.0
2026-04-07 14:25:00,2026-04-07,20260407142500000,002987,5,16.33,16.34,16.32,16.32,92100,1503689.0
2026-04-07 14:30:00,2026-04-07,20260407143000000,002987,5,16.32,16.34,16.32,16.32,59000,963427.0
2026-04-07 14:35:00,2026-04-07,20260407143500000,002987,5,16.32,16.34,16.3,16.3,132600,2163411.0
2026-04-07 14:40:00,2026-04-07,20260407144000000,002987,5,16.3,16.31,16.29,16.3,164700,2684555.0
2026-04-07 14:45:00,2026-04-07,20260407144500000,002987,5,16.3,16.31,16.29,16.3,117000,1906872.0
2026-04-07 14:50:00,2026-04-07,20260407145000000,002987,5,16.3,16.33,16.3,16.33,125000,2040212.0
2026-04-07 14:55:00,2026-04-07,20260407145500000,002987,5,16.33,16.37,16.33,16.36,226500,3702995.0
2026-04-07 15:00:00,2026-04-07,20260407150000000,002987,5,16.36,16.38,16.35,16.36,256600,4198886.0
2026-04-08 09:35:00,2026-04-08,20260408093500000,002987,5,16.51,16.57,16.48,16.54,1185700,19603053.0
2026-04-08 09:40:00,2026-04-08,20260408094000000,002987,5,16.55,16.64,16.54,16.64,656200,10891146.0
2026-04-08 09:45:00,2026-04-08,20260408094500000,002987,5,16.64,16.65,16.57,16.57,566000,9404196.0
2026-04-08 09:50:00,2026-04-08,20260408095000000,002987,5,16.58,16.6,16.55,16.58,304100,5040497.0
2026-04-08 09:55:00,2026-04-08,20260408095500000,002987,5,16.58,16.63,16.58,16.62,420900,6987957.0
2026-04-08 10:00:00,2026-04-08,20260408100000000,002987,5,16.61,16.62,16.52,16.54,370800,6141137.0
2026-04-08 10:05:00,2026-04-08,20260408100500000,002987,5,16.54,16.56,16.52,16.56,177900,2942442.86
2026-04-08 10:10:00,2026-04-08,20260408101000000,002987,5,16.55,16.56,16.52,16.54,222700,3684228.0
2026-04-08 10:15:00,2026-04-08,20260408101500000,002987,5,16.54,16.56,16.52,16.54,112776,1865499.52
2026-04-08 10:20:00,2026-04-08,20260408102000000,002987,5,16.56,16.57,16.54,16.54,153700,2544958.0
2026-04-08 10:25:00,2026-04-08,20260408102500000,002987,5,16.54,16.56,16.52,16.56,237600,3929809.0
2026-04-08 10:30:00,2026-04-08,20260408103000000,002987,5,16.56,16.59,16.55,16.59,122400,2028336.0
2026-04-08 10:35:00,2026-04-08,20260408103500000,002987,5,16.6,16.63,16.59,16.63,232400,3861559.0
2026-04-08 10:40:00,2026-04-08,20260408104000000,002987,5,16.63,16.63,16.59,16.59,238900,3966219.0
2026-04-08 10:45:00,2026-04-08,20260408104500000,002987,5,16.59,16.61,16.59,16.6,150840,2503961.0
2026-04-08 10:50:00,2026-04-08,20260408105000000,002987,5,16.61,16.63,16.6,16.63,132500,2202103.0
2026-04-08 10:55:00,2026-04-08,20260408105500000,002987,5,16.63,16.63,16.58,16.59,167900,2787465.0
2026-04-08 11:00:00,2026-04-08,20260408110000000,002987,5,16.59,16.63,16.59,16.62,213800,3550145.0
2026-04-08 11:05:00,2026-04-08,20260408110500000,002987,5,16.62,16.63,16.6,16.62,341840,5680351.4
2026-04-08 11:10:00,2026-04-08,20260408111000000,002987,5,16.62,16.63,16.6,16.62,117400,1951052.0
2026-04-08 11:15:00,2026-04-08,20260408111500000,002987,5,16.63,16.64,16.61,16.64,154300,2566099.0
2026-04-08 11:20:00,2026-04-08,20260408112000000,002987,5,16.64,16.65,16.63,16.64,202500,3370588.0
2026-04-08 11:25:00,2026-04-08,20260408112500000,002987,5,16.65,16.65,16.62,16.63,142500,2370580.0
2026-04-08 11:30:00,2026-04-08,20260408113000000,002987,5,16.63,16.63,16.62,16.63,63100,1049129.0
2026-04-08 13:05:00,2026-04-08,20260408130500000,002987,5,16.63,16.65,16.63,16.64,159800,2658095.0
2026-04-08 13:10:00,2026-04-08,20260408131000000,002987,5,16.63,16.69,16.63,16.68,396600,6608876.0
2026-04-08 13:15:00,2026-04-08,20260408131500000,002987,5,16.68,16.7,16.67,16.7,324600,5417967.0
2026-04-08 13:20:00,2026-04-08,20260408132000000,002987,5,16.7,16.73,16.7,16.72,190300,3180591.0
2026-04-08 13:25:00,2026-04-08,20260408132500000,002987,5,16.72,16.76,16.72,16.75,349510,5851839.4
2026-04-08 13:30:00,2026-04-08,20260408133000000,002987,5,16.75,16.76,16.71,16.71,417890,6994981.6
2026-04-08 13:35:00,2026-04-08,20260408133500000,002987,5,16.7,16.73,16.69,16.72,234000,3909954.0
2026-04-08 13:40:00,2026-04-08,20260408134000000,002987,5,16.72,16.75,16.72,16.75,167800,2809399.0
2026-04-08 13:45:00,2026-04-08,20260408134500000,002987,5,16.74,16.75,16.74,16.75,120100,2011264.0
2026-04-08 13:50:00,2026-04-08,20260408135000000,002987,5,16.75,16.75,16.74,16.75,86900,1455122.0
2026-04-08 13:55:00,2026-04-08,20260408135500000,002987,5,16.75,16.75,16.74,16.75,229100,3837177.0
2026-04-08 14:00:00,2026-04-08,20260408140000000,002987,5,16.74,16.75,16.73,16.73,161900,2710500.0
2026-04-08 14:05:00,2026-04-08,20260408140500000,002987,5,16.73,16.79,16.73,16.77,436300,7310706.0
2026-04-08 14:10:00,2026-04-08,20260408141000000,002987,5,16.77,16.78,16.75,16.76,90000,1509243.0
2026-04-08 14:15:00,2026-04-08,20260408141500000,002987,5,16.76,16.76,16.74,16.76,90100,1509081.0
2026-04-08 14:20:00,2026-04-08,20260408142000000,002987,5,16.76,16.76,16.72,16.72,156100,2611622.0
2026-04-08 14:25:00,2026-04-08,20260408142500000,002987,5,16.72,16.75,16.71,16.75,120600,2017999.0
2026-04-08 14:30:00,2026-04-08,20260408143000000,002987,5,16.75,16.75,16.74,16.74,48100,805516.0
2026-04-08 14:35:00,2026-04-08,20260408143500000,002987,5,16.74,16.76,16.74,16.76,118300,1981585.0
2026-04-08 14:40:00,2026-04-08,20260408144000000,002987,5,16.75,16.77,16.75,16.76,232100,3889427.0
2026-04-08 14:45:00,2026-04-08,20260408144500000,002987,5,16.76,16.76,16.75,16.76,177300,2970733.0
2026-04-08 14:50:00,2026-04-08,20260408145000000,002987,5,16.76,16.77,16.75,16.77,461800,7740769.0
2026-04-08 14:55:00,2026-04-08,20260408145500000,002987,5,16.76,16.77,16.75,16.75,430500,7215188.0
2026-04-08 15:00:00,2026-04-08,20260408150000000,002987,5,16.75,16.77,16.75,16.76,402900,6752659.0
2026-04-09 09:35:00,2026-04-09,20260409093500000,002987,5,16.59,16.62,16.55,16.56,819600,13588341.0
2026-04-09 09:40:00,2026-04-09,20260409094000000,002987,5,16.56,16.56,16.45,16.49,916000,15109729.0
2026-04-09 09:45:00,2026-04-09,20260409094500000,002987,5,16.48,16.5,16.46,16.48,482700,7953518.0
2026-04-09 09:50:00,2026-04-09,20260409095000000,002987,5,16.48,16.48,16.42,16.46,494900,8140315.0
2026-04-09 09:55:00,2026-04-09,20260409095500000,002987,5,16.46,16.51,16.46,16.51,301700,4976189.0
2026-04-09 10:00:00,2026-04-09,20260409100000000,002987,5,16.5,16.51,16.46,16.47,259100,4270479.0
2026-04-09 10:05:00,2026-04-09,20260409100500000,002987,5,16.46,16.48,16.44,16.44,286000,4705799.0
2026-04-09 10:10:00,2026-04-09,20260409101000000,002987,5,16.43,16.45,16.4,16.4,439900,7224201.0
2026-04-09 10:15:00,2026-04-09,20260409101500000,002987,5,16.41,16.42,16.4,16.42,247300,4057041.0
2026-04-09 10:20:00,2026-04-09,20260409102000000,002987,5,16.42,16.45,16.41,16.44,234713,3855681.46
2026-04-09 10:25:00,2026-04-09,20260409102500000,002987,5,16.44,16.45,16.42,16.44,77200,1268970.0
2026-04-09 10:30:00,2026-04-09,20260409103000000,002987,5,16.44,16.44,16.39,16.39,230700,3784804.0
2026-04-09 10:35:00,2026-04-09,20260409103500000,002987,5,16.4,16.41,16.38,16.39,222100,3641500.0
2026-04-09 10:40:00,2026-04-09,20260409104000000,002987,5,16.38,16.39,16.37,16.38,246400,4035795.0
2026-04-09 10:45:00,2026-04-09,20260409104500000,002987,5,16.38,16.4,16.37,16.4,104200,1707240.0
2026-04-09 10:50:00,2026-04-09,20260409105000000,002987,5,16.4,16.43,16.39,16.4,68000,1115710.0
2026-04-09 10:55:00,2026-04-09,20260409105500000,002987,5,16.4,16.41,16.39,16.41,76100,1248283.0
2026-04-09 11:00:00,2026-04-09,20260409110000000,002987,5,16.4,16.41,16.39,16.4,88200,1446430.0
2026-04-09 11:05:00,2026-04-09,20260409110500000,002987,5,16.39,16.4,16.38,16.38,164900,2701471.0
2026-04-09 11:10:00,2026-04-09,20260409111000000,002987,5,16.38,16.4,16.38,16.39,62100,1017619.0
2026-04-09 11:15:00,2026-04-09,20260409111500000,002987,5,16.38,16.39,16.34,16.36,632600,10352864.0
2026-04-09 11:20:00,2026-04-09,20260409112000000,002987,5,16.36,16.37,16.35,16.35,65900,1077824.0
2026-04-09 11:25:00,2026-04-09,20260409112500000,002987,5,16.35,16.37,16.35,16.36,102000,1668276.0
2026-04-09 11:30:00,2026-04-09,20260409113000000,002987,5,16.35,16.35,16.34,16.35,135400,2213218.0
2026-04-09 13:05:00,2026-04-09,20260409130500000,002987,5,16.34,16.37,16.32,16.34,183800,3003275.0
2026-04-09 13:10:00,2026-04-09,20260409131000000,002987,5,16.33,16.34,16.31,16.32,137200,2239218.0
2026-04-09 13:15:00,2026-04-09,20260409131500000,002987,5,16.32,16.33,16.31,16.31,71400,1165279.0
2026-04-09 13:20:00,2026-04-09,20260409132000000,002987,5,16.31,16.33,16.3,16.31,149500,2438754.0
2026-04-09 13:25:00,2026-04-09,20260409132500000,002987,5,16.31,16.35,16.3,16.33,185700,3030622.0
2026-04-09 13:30:00,2026-04-09,20260409133000000,002987,5,16.32,16.34,16.32,16.33,67500,1102082.0
2026-04-09 13:35:00,2026-04-09,20260409133500000,002987,5,16.33,16.36,16.33,16.34,107900,1763824.0
2026-04-09 13:40:00,2026-04-09,20260409134000000,002987,5,16.35,16.37,16.34,16.34,87700,1434162.0
2026-04-09 13:45:00,2026-04-09,20260409134500000,002987,5,16.34,16.37,16.34,16.36,87700,1434296.0
2026-04-09 13:50:00,2026-04-09,20260409135000000,002987,5,16.37,16.4,16.36,16.39,94500,1547831.0
2026-04-09 13:55:00,2026-04-09,20260409135500000,002987,5,16.39,16.39,16.36,16.36,80400,1316099.0
2026-04-09 14:00:00,2026-04-09,20260409140000000,002987,5,16.36,16.39,16.36,16.39,103800,1699781.0
2026-04-09 14:05:00,2026-04-09,20260409140500000,002987,5,16.39,16.4,16.36,16.39,103100,1689154.0
2026-04-09 14:10:00,2026-04-09,20260409141000000,002987,5,16.39,16.4,16.37,16.37,131000,2146348.0
2026-04-09 14:15:00,2026-04-09,20260409141500000,002987,5,16.37,16.39,16.36,16.37,111167,1819541.12
2026-04-09 14:20:00,2026-04-09,20260409142000000,002987,5,16.36,16.38,16.35,16.35,83733,1369659.88
2026-04-09 14:25:00,2026-04-09,20260409142500000,002987,5,16.35,16.39,16.35,16.39,117600,1924233.0
2026-04-09 14:30:00,2026-04-09,20260409143000000,002987,5,16.37,16.39,16.36,16.38,79500,1302048.0
2026-04-09 14:35:00,2026-04-09,20260409143500000,002987,5,16.37,16.38,16.34,16.35,111800,1828759.0
2026-04-09 14:40:00,2026-04-09,20260409144000000,002987,5,16.36,16.37,16.35,16.35,86860,1421134.0
2026-04-09 14:45:00,2026-04-09,20260409144500000,002987,5,16.35,16.36,16.34,16.36,144600,2364414.0
2026-04-09 14:50:00,2026-04-09,20260409145000000,002987,5,16.36,16.38,16.35,16.37,187314,3065170.64
2026-04-09 14:55:00,2026-04-09,20260409145500000,002987,5,16.38,16.4,16.37,16.37,239400,3922385.0
2026-04-09 15:00:00,2026-04-09,20260409150000000,002987,5,16.37,16.39,16.37,16.37,223800,3664730.0
2026-04-10 09:35:00,2026-04-10,20260410093500000,002987,5,16.49,16.55,16.44,16.52,481800,7953532.6
2026-04-10 09:40:00,2026-04-10,20260410094000000,002987,5,16.53,16.55,16.51,16.55,293200,4848024.0
2026-04-10 09:45:00,2026-04-10,20260410094500000,002987,5,16.56,16.6,16.55,16.57,421600,6988362.0
2026-04-10 09:50:00,2026-04-10,20260410095000000,002987,5,16.57,16.6,16.55,16.55,296300,4911029.0
2026-04-10 09:55:00,2026-04-10,20260410095500000,002987,5,16.55,16.63,16.53,16.62,652100,10810304.0
2026-04-10 10:00:00,2026-04-10,20260410100000000,002987,5,16.62,16.63,16.6,16.62,417800,6941674.0
2026-04-10 10:05:00,2026-04-10,20260410100500000,002987,5,16.63,16.63,16.58,16.58,289400,4803996.0
2026-04-10 10:10:00,2026-04-10,20260410101000000,002987,5,16.58,16.61,16.57,16.59,156120,2591105.2
2026-04-10 10:15:00,2026-04-10,20260410101500000,002987,5,16.59,16.59,16.56,16.56,116400,1929618.0
2026-04-10 10:20:00,2026-04-10,20260410102000000,002987,5,16.56,16.57,16.53,16.55,200000,3310639.0
2026-04-10 10:25:00,2026-04-10,20260410102500000,002987,5,16.55,16.58,16.55,16.58,89700,1485809.0
2026-04-10 10:30:00,2026-04-10,20260410103000000,002987,5,16.58,16.58,16.56,16.56,102600,1699770.0
2026-04-10 10:35:00,2026-04-10,20260410103500000,002987,5,16.56,16.56,16.54,16.56,85769,1419387.95
2026-04-10 10:40:00,2026-04-10,20260410104000000,002987,5,16.56,16.57,16.55,16.55,64000,1059482.0
2026-04-10 10:45:00,2026-04-10,20260410104500000,002987,5,16.55,16.56,16.53,16.53,67200,1111720.0
2026-04-10 10:50:00,2026-04-10,20260410105000000,002987,5,16.53,16.55,16.52,16.55,79500,1314232.0
2026-04-10 10:55:00,2026-04-10,20260410105500000,002987,5,16.54,16.56,16.54,16.55,48500,802690.0
2026-04-10 11:00:00,2026-04-10,20260410110000000,002987,5,16.55,16.56,16.54,16.56,45700,756155.0
2026-04-10 11:05:00,2026-04-10,20260410110500000,002987,5,16.56,16.56,16.51,16.52,120600,1992786.0
2026-04-10 11:10:00,2026-04-10,20260410111000000,002987,5,16.52,16.55,16.52,16.52,54100,894592.0
2026-04-10 11:15:00,2026-04-10,20260410111500000,002987,5,16.52,16.54,16.52,16.52,57500,950330.0
2026-04-10 11:20:00,2026-04-10,20260410112000000,002987,5,16.52,16.52,16.51,16.52,80800,1334213.0
2026-04-10 11:25:00,2026-04-10,20260410112500000,002987,5,16.52,16.53,16.51,16.53,72300,1194363.0
2026-04-10 11:30:00,2026-04-10,20260410113000000,002987,5,16.53,16.53,16.5,16.51,114300,1887813.0
2026-04-10 13:05:00,2026-04-10,20260410130500000,002987,5,16.52,16.65,16.51,16.62,905200,15016994.0
2026-04-10 13:10:00,2026-04-10,20260410131000000,002987,5,16.62,16.75,16.61,16.75,904300,15095081.0
2026-04-10 13:15:00,2026-04-10,20260410131500000,002987,5,16.75,16.99,16.75,16.97,2480461,41940805.86
2026-04-10 13:20:00,2026-04-10,20260410132000000,002987,5,16.98,17.13,16.94,16.99,2816200,48011438.0
2026-04-10 13:25:00,2026-04-10,20260410132500000,002987,5,16.97,17.04,16.9,16.98,1036900,17581553.0
2026-04-10 13:30:00,2026-04-10,20260410133000000,002987,5,16.99,17.09,16.97,17.06,1317500,22472400.0
2026-04-10 13:35:00,2026-04-10,20260410133500000,002987,5,17.06,17.06,16.97,16.99,492700,8381628.8
2026-04-10 13:40:00,2026-04-10,20260410134000000,002987,5,17.0,17.01,16.98,16.99,578800,9835905.0
2026-04-10 13:45:00,2026-04-10,20260410134500000,002987,5,17.0,17.09,17.0,17.04,536100,9141630.0
2026-04-10 13:50:00,2026-04-10,20260410135000000,002987,5,17.04,17.07,17.02,17.02,393100,6702066.0
2026-04-10 13:55:00,2026-04-10,20260410135500000,002987,5,17.02,17.02,16.98,16.99,378800,6442379.0
2026-04-10 14:00:00,2026-04-10,20260410140000000,002987,5,16.99,17.02,16.99,17.0,137500,2337343.0
2026-04-10 14:05:00,2026-04-10,20260410140500000,002987,5,17.0,17.05,16.99,17.01,287400,4892002.0
2026-04-10 14:10:00,2026-04-10,20260410141000000,002987,5,17.01,17.02,17.0,17.0,180000,3061182.0
2026-04-10 14:15:00,2026-04-10,20260410141500000,002987,5,17.0,17.01,16.96,16.96,285500,4848315.0
2026-04-10 14:20:00,2026-04-10,20260410142000000,002987,5,16.97,16.99,16.94,16.94,267200,4532150.0
2026-04-10 14:25:00,2026-04-10,20260410142500000,002987,5,16.94,16.98,16.91,16.97,212000,3592112.0
2026-04-10 14:30:00,2026-04-10,20260410143000000,002987,5,16.97,16.98,16.91,16.93,243840,4130371.4
2026-04-10 14:35:00,2026-04-10,20260410143500000,002987,5,16.93,16.95,16.92,16.93,195900,3317106.0
2026-04-10 14:40:00,2026-04-10,20260410144000000,002987,5,16.93,16.95,16.92,16.92,307900,5212079.0
2026-04-10 14:45:00,2026-04-10,20260410144500000,002987,5,16.91,16.92,16.9,16.9,256960,4344636.6
2026-04-10 14:50:00,2026-04-10,20260410145000000,002987,5,16.9,16.91,16.88,16.88,488038,8245494.44
2026-04-10 14:55:00,2026-04-10,20260410145500000,002987,5,16.89,16.9,16.88,16.89,587840,9927633.2
2026-04-10 15:00:00,2026-04-10,20260410150000000,002987,5,16.9,16.9,16.86,16.86,496200,8372469.0
2026-04-13 09:35:00,2026-04-13,20260413093500000,002987,5,16.5,16.58,16.49,16.56,2054584,33934554.84
2026-04-13 09:40:00,2026-04-13,20260413094000000,002987,5,16.58,16.69,16.57,16.63,748030,12436539.1
2026-04-13 09:45:00,2026-04-13,20260413094500000,002987,5,16.63,16.63,16.58,16.59,517200,8587087.0
2026-04-13 09:50:00,2026-04-13,20260413095000000,002987,5,16.59,16.62,16.53,16.56,508700,8421785.0
2026-04-13 09:55:00,2026-04-13,20260413095500000,002987,5,16.57,16.65,16.55,16.63,291600,4841460.0
2026-04-13 10:00:00,2026-04-13,20260413100000000,002987,5,16.63,16.66,16.63,16.66,175300,2917375.0
2026-04-13 10:05:00,2026-04-13,20260413100500000,002987,5,16.65,16.66,16.61,16.61,248490,4131072.9
2026-04-13 10:10:00,2026-04-13,20260413101000000,002987,5,16.61,16.69,16.61,16.67,267100,4449853.0
2026-04-13 10:15:00,2026-04-13,20260413101500000,002987,5,16.68,16.69,16.65,16.68,226500,3774077.0
2026-04-13 10:20:00,2026-04-13,20260413102000000,002987,5,16.67,16.69,16.65,16.68,140000,2334443.0
2026-04-13 10:25:00,2026-04-13,20260413102500000,002987,5,16.68,16.69,16.64,16.67,195800,3263753.0
2026-04-13 10:30:00,2026-04-13,20260413103000000,002987,5,16.67,16.69,16.65,16.67,160200,2671179.0
2026-04-13 10:35:00,2026-04-13,20260413103500000,002987,5,16.67,16.7,16.66,16.68,169200,2823564.0
2026-04-13 10:40:00,2026-04-13,20260413104000000,002987,5,16.68,16.72,16.68,16.71,174100,2907914.0
2026-04-13 10:45:00,2026-04-13,20260413104500000,002987,5,16.72,16.73,16.7,16.71,80200,1340550.0
2026-04-13 10:50:00,2026-04-13,20260413105000000,002987,5,16.71,16.71,16.66,16.67,135800,2266463.0
2026-04-13 10:55:00,2026-04-13,20260413105500000,002987,5,16.67,16.69,16.66,16.67,97400,1624112.0
2026-04-13 11:00:00,2026-04-13,20260413110000000,002987,5,16.67,16.7,16.67,16.69,71730,1196441.4
2026-04-13 11:05:00,2026-04-13,20260413110500000,002987,5,16.69,16.69,16.67,16.67,81600,1360512.0
2026-04-13 11:10:00,2026-04-13,20260413111000000,002987,5,16.67,16.67,16.63,16.63,334400,5568385.0
2026-04-13 11:15:00,2026-04-13,20260413111500000,002987,5,16.63,16.63,16.6,16.61,150800,2504932.0
2026-04-13 11:20:00,2026-04-13,20260413112000000,002987,5,16.61,16.61,16.6,16.61,85200,1414836.0
2026-04-13 11:25:00,2026-04-13,20260413112500000,002987,5,16.61,16.61,16.58,16.58,218000,3618891.0
2026-04-13 11:30:00,2026-04-13,20260413113000000,002987,5,16.58,16.61,16.58,16.61,101140,1678755.0
2026-04-13 13:05:00,2026-04-13,20260413130500000,002987,5,16.61,16.63,16.6,16.6,144000,2391675.0
2026-04-13 13:10:00,2026-04-13,20260413131000000,002987,5,16.6,16.6,16.57,16.57,465600,7720634.0
2026-04-13 13:15:00,2026-04-13,20260413131500000,002987,5,16.57,16.6,16.57,16.6,84900,1408388.0
2026-04-13 13:20:00,2026-04-13,20260413132000000,002987,5,16.6,16.62,16.59,16.62,136700,2270086.0
2026-04-13 13:25:00,2026-04-13,20260413132500000,002987,5,16.62,16.63,16.61,16.63,85500,1421556.0
2026-04-13 13:30:00,2026-04-13,20260413133000000,002987,5,16.63,16.64,16.62,16.63,83500,1388641.0
2026-04-13 13:35:00,2026-04-13,20260413133500000,002987,5,16.64,16.64,16.62,16.62,107000,1778630.0
2026-04-13 13:40:00,2026-04-13,20260413134000000,002987,5,16.63,16.68,16.62,16.68,139400,2321069.0
2026-04-13 13:45:00,2026-04-13,20260413134500000,002987,5,16.68,16.69,16.67,16.68,70900,1182608.0
2026-04-13 13:50:00,2026-04-13,20260413135000000,002987,5,16.69,16.69,16.68,16.68,78400,1308224.0
2026-04-13 13:55:00,2026-04-13,20260413135500000,002987,5,16.68,16.69,16.67,16.68,85700,1429513.0
2026-04-13 14:00:00,2026-04-13,20260413140000000,002987,5,16.69,16.69,16.67,16.67,78900,1316267.0
2026-04-13 14:05:00,2026-04-13,20260413140500000,002987,5,16.69,16.72,16.69,16.71,195500,3265394.0
2026-04-13 14:10:00,2026-04-13,20260413141000000,002987,5,16.71,16.72,16.7,16.72,79200,1323207.0
2026-04-13 14:15:00,2026-04-13,20260413141500000,002987,5,16.71,16.72,16.68,16.68,147000,2454815.0
2026-04-13 14:20:00,2026-04-13,20260413142000000,002987,5,16.68,16.69,16.67,16.68,58900,982333.0
2026-04-13 14:25:00,2026-04-13,20260413142500000,002987,5,16.68,16.69,16.67,16.69,72300,1205722.0
2026-04-13 14:30:00,2026-04-13,20260413143000000,002987,5,16.69,16.7,16.68,16.69,53300,889468.0
2026-04-13 14:35:00,2026-04-13,20260413143500000,002987,5,16.68,16.68,16.65,16.65,259400,4322985.0
2026-04-13 14:40:00,2026-04-13,20260413144000000,002987,5,16.66,16.67,16.65,16.66,73900,1231345.0
2026-04-13 14:45:00,2026-04-13,20260413144500000,002987,5,16.66,16.68,16.66,16.67,128589,2143595.74
2026-04-13 14:50:00,2026-04-13,20260413145000000,002987,5,16.67,16.69,16.66,16.68,252000,4201481.0
2026-04-13 14:55:00,2026-04-13,20260413145500000,002987,5,16.67,16.69,16.66,16.66,280800,4682110.0
2026-04-13 15:00:00,2026-04-13,20260413150000000,002987,5,16.66,16.7,16.66,16.69,297700,4967649.0
2026-04-14 09:35:00,2026-04-14,20260414093500000,002987,5,16.88,16.9,16.76,16.78,632600,10646895.0
2026-04-14 09:40:00,2026-04-14,20260414094000000,002987,5,16.78,16.84,16.78,16.82,293200,4926766.0
2026-04-14 09:45:00,2026-04-14,20260414094500000,002987,5,16.82,16.82,16.73,16.73,300400,5040644.0
2026-04-14 09:50:00,2026-04-14,20260414095000000,002987,5,16.74,16.77,16.73,16.74,211600,3544306.0
2026-04-14 09:55:00,2026-04-14,20260414095500000,002987,5,16.75,16.77,16.72,16.77,194900,3263040.0
2026-04-14 10:00:00,2026-04-14,20260414100000000,002987,5,16.76,16.77,16.74,16.75,125900,2108672.0
2026-04-14 10:05:00,2026-04-14,20260414100500000,002987,5,16.74,16.74,16.7,16.71,424677,7097686.9
2026-04-14 10:10:00,2026-04-14,20260414101000000,002987,5,16.7,16.74,16.7,16.71,179000,2991681.0
2026-04-14 10:15:00,2026-04-14,20260414101500000,002987,5,16.71,16.74,16.7,16.72,154000,2574850.0
2026-04-14 10:20:00,2026-04-14,20260414102000000,002987,5,16.72,16.73,16.7,16.71,142100,2374459.0
2026-04-14 10:25:00,2026-04-14,20260414102500000,002987,5,16.71,16.72,16.71,16.71,80400,1343930.0
2026-04-14 10:30:00,2026-04-14,20260414103000000,002987,5,16.71,16.74,16.71,16.73,83319,1393427.68
2026-04-14 10:35:00,2026-04-14,20260414103500000,002987,5,16.74,16.74,16.69,16.69,222000,3708384.0
2026-04-14 10:40:00,2026-04-14,20260414104000000,002987,5,16.69,16.7,16.67,16.68,265200,4424296.0
2026-04-14 10:45:00,2026-04-14,20260414104500000,002987,5,16.69,16.69,16.67,16.68,88800,1481015.0
2026-04-14 10:50:00,2026-04-14,20260414105000000,002987,5,16.68,16.72,16.68,16.71,152700,2551087.0
2026-04-14 10:55:00,2026-04-14,20260414105500000,002987,5,16.71,16.72,16.68,16.69,70600,1179108.0
2026-04-14 11:00:00,2026-04-14,20260414110000000,002987,5,16.68,16.7,16.67,16.67,101800,1698384.0
2026-04-14 11:05:00,2026-04-14,20260414110500000,002987,5,16.67,16.7,16.67,16.69,118900,1984646.0
2026-04-14 11:10:00,2026-04-14,20260414111000000,002987,5,16.69,16.7,16.68,16.68,62200,1037874.0
2026-04-14 11:15:00,2026-04-14,20260414111500000,002987,5,16.68,16.7,16.68,16.68,60500,1009308.0
2026-04-14 11:20:00,2026-04-14,20260414112000000,002987,5,16.68,16.69,16.67,16.68,44000,733770.0
2026-04-14 11:25:00,2026-04-14,20260414112500000,002987,5,16.68,16.69,16.67,16.68,67400,1124345.0
2026-04-14 11:30:00,2026-04-14,20260414113000000,002987,5,16.68,16.68,16.67,16.67,64640,1077751.8
2026-04-14 13:05:00,2026-04-14,20260414130500000,002987,5,16.67,16.68,16.61,16.61,311860,5192745.2
2026-04-14 13:10:00,2026-04-14,20260414131000000,002987,5,16.61,16.63,16.6,16.61,162000,2691395.4
2026-04-14 13:15:00,2026-04-14,20260414131500000,002987,5,16.61,16.68,16.61,16.67,150000,2495286.0
2026-04-14 13:20:00,2026-04-14,20260414132000000,002987,5,16.68,16.71,16.66,16.69,188000,3138623.4
2026-04-14 13:25:00,2026-04-14,20260414132500000,002987,5,16.68,16.68,16.64,16.64,88700,1477188.0
2026-04-14 13:30:00,2026-04-14,20260414133000000,002987,5,16.64,16.64,16.62,16.63,84000,1397063.0
2026-04-14 13:35:00,2026-04-14,20260414133500000,002987,5,16.64,16.64,16.59,16.59,338900,5629537.0
2026-04-14 13:40:00,2026-04-14,20260414134000000,002987,5,16.59,16.62,16.59,16.61,114800,1905908.0
2026-04-14 13:45:00,2026-04-14,20260414134500000,002987,5,16.61,16.63,16.61,16.63,105100,1747042.0
2026-04-14 13:50:00,2026-04-14,20260414135000000,002987,5,16.61,16.63,16.61,16.61,92700,1540970.0
2026-04-14 13:55:00,2026-04-14,20260414135500000,002987,5,16.61,16.63,16.6,16.6,79000,1311995.0
2026-04-14 14:00:00,2026-04-14,20260414140000000,002987,5,16.61,16.61,16.6,16.6,46600,773653.0
2026-04-14 14:05:00,2026-04-14,20260414140500000,002987,5,16.61,16.65,16.61,16.62,75400,1253067.0
2026-04-14 14:10:00,2026-04-14,20260414141000000,002987,5,16.61,16.65,16.61,16.64,95100,1580472.0
2026-04-14 14:15:00,2026-04-14,20260414141500000,002987,5,16.62,16.65,16.61,16.62,84200,1399172.0
2026-04-14 14:20:00,2026-04-14,20260414142000000,002987,5,16.62,16.65,16.61,16.65,91500,1521547.0
2026-04-14 14:25:00,2026-04-14,20260414142500000,002987,5,16.65,16.68,16.63,16.65,97100,1617784.0
2026-04-14 14:30:00,2026-04-14,20260414143000000,002987,5,16.65,16.66,16.63,16.63,132700,2207767.0
2026-04-14 14:35:00,2026-04-14,20260414143500000,002987,5,16.64,16.67,16.63,16.66,137400,2286529.0
2026-04-14 14:40:00,2026-04-14,20260414144000000,002987,5,16.66,16.72,16.65,16.7,262700,4385904.0
2026-04-14 14:45:00,2026-04-14,20260414144500000,002987,5,16.72,16.73,16.7,16.73,201289,3364946.19
2026-04-14 14:50:00,2026-04-14,20260414145000000,002987,5,16.73,16.76,16.72,16.76,293000,4906178.0
2026-04-14 14:55:00,2026-04-14,20260414145500000,002987,5,16.76,16.77,16.75,16.75,288600,4837210.0
2026-04-14 15:00:00,2026-04-14,20260414150000000,002987,5,16.75,16.77,16.75,16.75,319015,5345054.25
2026-04-15 09:35:00,2026-04-15,20260415093500000,002987,5,16.81,16.84,16.76,16.78,480000,8060268.0
2026-04-15 09:40:00,2026-04-15,20260415094000000,002987,5,16.78,16.8,16.73,16.73,772800,12950780.0
2026-04-15 09:45:00,2026-04-15,20260415094500000,002987,5,16.73,16.77,16.71,16.73,458300,7670173.0
2026-04-15 09:50:00,2026-04-15,20260415095000000,002987,5,16.73,16.75,16.71,16.75,230200,3851085.0
2026-04-15 09:55:00,2026-04-15,20260415095500000,002987,5,16.74,16.77,16.72,16.73,285200,4777056.0
2026-04-15 10:00:00,2026-04-15,20260415100000000,002987,5,16.73,16.78,16.71,16.77,222600,3724385.0
2026-04-15 10:05:00,2026-04-15,20260415100500000,002987,5,16.77,16.78,16.73,16.73,120440,2017316.4
2026-04-15 10:10:00,2026-04-15,20260415101000000,002987,5,16.73,16.74,16.72,16.73,115800,1936643.0
2026-04-15 10:15:00,2026-04-15,20260415101500000,002987,5,16.73,16.73,16.7,16.71,150200,2509649.0
2026-04-15 10:20:00,2026-04-15,20260415102000000,002987,5,16.71,16.72,16.7,16.72,78900,1318757.0
2026-04-15 10:25:00,2026-04-15,20260415102500000,002987,5,16.72,16.73,16.69,16.69,232100,3876932.0
2026-04-15 10:30:00,2026-04-15,20260415103000000,002987,5,16.69,16.71,16.68,16.69,112389,1876131.52
2026-04-15 10:35:00,2026-04-15,20260415103500000,002987,5,16.69,16.7,16.66,16.66,192011,3202661.48
2026-04-15 10:40:00,2026-04-15,20260415104000000,002987,5,16.66,16.69,16.66,16.68,120400,2006852.0
2026-04-15 10:45:00,2026-04-15,20260415104500000,002987,5,16.68,16.69,16.67,16.69,148700,2480068.0
2026-04-15 10:50:00,2026-04-15,20260415105000000,002987,5,16.69,16.69,16.66,16.67,77800,1297177.0
2026-04-15 10:55:00,2026-04-15,20260415105500000,002987,5,16.67,16.68,16.66,16.67,74500,1241944.0
2026-04-15 11:00:00,2026-04-15,20260415110000000,002987,5,16.67,16.68,16.66,16.66,105000,1749606.0
2026-04-15 11:05:00,2026-04-15,20260415110500000,002987,5,16.66,16.66,16.63,16.64,140400,2337606.0
2026-04-15 11:10:00,2026-04-15,20260415111000000,002987,5,16.63,16.64,16.61,16.61,199100,3309240.0
2026-04-15 11:15:00,2026-04-15,20260415111500000,002987,5,16.61,16.63,16.61,16.63,48800,811187.0
2026-04-15 11:20:00,2026-04-15,20260415112000000,002987,5,16.63,16.66,16.62,16.64,141840,2359848.2
2026-04-15 11:25:00,2026-04-15,20260415112500000,002987,5,16.64,16.64,16.63,16.63,20300,337691.0
2026-04-15 11:30:00,2026-04-15,20260415113000000,002987,5,16.64,16.65,16.62,16.65,57000,948259.0
2026-04-15 13:05:00,2026-04-15,20260415130500000,002987,5,16.64,16.66,16.62,16.64,125700,2091662.0
2026-04-15 13:10:00,2026-04-15,20260415131000000,002987,5,16.63,16.65,16.63,16.65,48460,806449.4
2026-04-15 13:15:00,2026-04-15,20260415131500000,002987,5,16.65,16.65,16.62,16.62,56840,945359.6
2026-04-15 13:20:00,2026-04-15,20260415132000000,002987,5,16.62,16.64,16.61,16.62,121000,2010686.0
2026-04-15 13:25:00,2026-04-15,20260415132500000,002987,5,16.62,16.63,16.6,16.61,211800,3518361.0
2026-04-15 13:30:00,2026-04-15,20260415133000000,002987,5,16.61,16.61,16.6,16.6,99540,1652664.0
2026-04-15 13:35:00,2026-04-15,20260415133500000,002987,5,16.61,16.62,16.6,16.62,69300,1151176.0
2026-04-15 13:40:00,2026-04-15,20260415134000000,002987,5,16.63,16.63,16.61,16.62,66700,1108284.0
2026-04-15 13:45:00,2026-04-15,20260415134500000,002987,5,16.62,16.62,16.61,16.61,40200,667883.0
2026-04-15 13:50:00,2026-04-15,20260415135000000,002987,5,16.61,16.62,16.6,16.6,191721,3183660.6
2026-04-15 13:55:00,2026-04-15,20260415135500000,002987,5,16.6,16.62,16.59,16.62,247800,4113358.0
2026-04-15 14:00:00,2026-04-15,20260415140000000,002987,5,16.62,16.62,16.61,16.62,52500,872273.0
2026-04-15 14:05:00,2026-04-15,20260415140500000,002987,5,16.63,16.63,16.61,16.61,42200,701286.0
2026-04-15 14:10:00,2026-04-15,20260415141000000,002987,5,16.61,16.62,16.6,16.61,36600,607783.0
2026-04-15 14:15:00,2026-04-15,20260415141500000,002987,5,16.61,16.62,16.59,16.6,124800,2071741.0
2026-04-15 14:20:00,2026-04-15,20260415142000000,002987,5,16.59,16.6,16.57,16.59,128900,2137538.0
2026-04-15 14:25:00,2026-04-15,20260415142500000,002987,5,16.6,16.6,16.57,16.57,72800,1206974.0
2026-04-15 14:30:00,2026-04-15,20260415143000000,002987,5,16.58,16.6,16.57,16.59,125500,2081180.0
2026-04-15 14:35:00,2026-04-15,20260415143500000,002987,5,16.59,16.61,16.57,16.59,134400,2229130.0
2026-04-15 14:40:00,2026-04-15,20260415144000000,002987,5,16.58,16.59,16.56,16.58,227900,3776695.0
2026-04-15 14:45:00,2026-04-15,20260415144500000,002987,5,16.57,16.59,16.55,16.56,325900,5396079.0
2026-04-15 14:50:00,2026-04-15,20260415145000000,002987,5,16.55,16.57,16.54,16.55,493700,8170486.0
2026-04-15 14:55:00,2026-04-15,20260415145500000,002987,5,16.55,16.6,16.55,16.59,212400,3520441.0
2026-04-15 15:00:00,2026-04-15,20260415150000000,002987,5,16.58,16.6,16.58,16.58,202000,3349647.0
2026-04-16 09:35:00,2026-04-16,20260416093500000,002987,5,16.65,16.7,16.61,16.65,303000,5045017.1
2026-04-16 09:40:00,2026-04-16,20260416094000000,002987,5,16.65,16.65,16.58,16.61,246400,4092316.0
2026-04-16 09:45:00,2026-04-16,20260416094500000,002987,5,16.62,16.65,16.61,16.62,110600,1839124.0
2026-04-16 09:50:00,2026-04-16,20260416095000000,002987,5,16.63,16.63,16.61,16.61,84100,1397687.0
2026-04-16 09:55:00,2026-04-16,20260416095500000,002987,5,16.61,16.64,16.61,16.62,127600,2121509.0
2026-04-16 10:00:00,2026-04-16,20260416100000000,002987,5,16.63,16.63,16.61,16.63,90100,1497410.0
2026-04-16 10:05:00,2026-04-16,20260416100500000,002987,5,16.63,16.63,16.61,16.62,95900,1593284.0
2026-04-16 10:10:00,2026-04-16,20260416101000000,002987,5,16.62,16.64,16.62,16.64,122100,2030327.0
2026-04-16 10:15:00,2026-04-16,20260416101500000,002987,5,16.64,16.66,16.63,16.66,155121,2581831.44
2026-04-16 10:20:00,2026-04-16,20260416102000000,002987,5,16.66,16.73,16.66,16.72,490230,8183152.7
2026-04-16 10:25:00,2026-04-16,20260416102500000,002987,5,16.72,16.73,16.7,16.71,272500,4553677.0
2026-04-16 10:30:00,2026-04-16,20260416103000000,002987,5,16.71,16.72,16.69,16.7,168100,2808524.0
2026-04-16 10:35:00,2026-04-16,20260416103500000,002987,5,16.7,16.71,16.69,16.7,70000,1168993.0
2026-04-16 10:40:00,2026-04-16,20260416104000000,002987,5,16.7,16.71,16.7,16.71,88400,1476521.0
2026-04-16 10:45:00,2026-04-16,20260416104500000,002987,5,16.7,16.71,16.69,16.69,90800,1515884.0
2026-04-16 10:50:00,2026-04-16,20260416105000000,002987,5,16.69,16.7,16.67,16.68,100900,1683050.0
2026-04-16 10:55:00,2026-04-16,20260416105500000,002987,5,16.68,16.71,16.68,16.69,215200,3591128.0
2026-04-16 11:00:00,2026-04-16,20260416110000000,002987,5,16.69,16.72,16.69,16.71,190600,3184004.0
2026-04-16 11:05:00,2026-04-16,20260416110500000,002987,5,16.7,16.71,16.7,16.71,48300,806895.0
2026-04-16 11:10:00,2026-04-16,20260416111000000,002987,5,16.71,16.72,16.7,16.7,79400,1326891.0
2026-04-16 11:15:00,2026-04-16,20260416111500000,002987,5,16.71,16.71,16.69,16.7,86700,1447856.0
2026-04-16 11:20:00,2026-04-16,20260416112000000,002987,5,16.7,16.7,16.69,16.7,18400,307197.0
2026-04-16 11:25:00,2026-04-16,20260416112500000,002987,5,16.7,16.7,16.69,16.7,44500,742858.0
2026-04-16 11:30:00,2026-04-16,20260416113000000,002987,5,16.69,16.7,16.68,16.7,58100,969755.0
2026-04-16 13:05:00,2026-04-16,20260416130500000,002987,5,16.7,16.7,16.63,16.64,248679,4147052.56
2026-04-16 13:10:00,2026-04-16,20260416131000000,002987,5,16.64,16.66,16.63,16.63,91821,1527922.44
2026-04-16 13:15:00,2026-04-16,20260416131500000,002987,5,16.63,16.67,16.63,16.66,111700,1860105.0
2026-04-16 13:20:00,2026-04-16,20260416132000000,002987,5,16.66,16.67,16.65,16.66,56100,934706.0
2026-04-16 13:25:00,2026-04-16,20260416132500000,002987,5,16.67,16.69,16.66,16.68,65700,1095598.0
2026-04-16 13:30:00,2026-04-16,20260416133000000,002987,5,16.68,16.68,16.67,16.68,85900,1432347.0
2026-04-16 13:35:00,2026-04-16,20260416133500000,002987,5,16.66,16.69,16.66,16.68,160000,2667102.0
2026-04-16 13:40:00,2026-04-16,20260416134000000,002987,5,16.68,16.69,16.66,16.66,99500,1658430.0
2026-04-16 13:45:00,2026-04-16,20260416134500000,002987,5,16.66,16.66,16.63,16.63,89400,1488121.0
2026-04-16 13:50:00,2026-04-16,20260416135000000,002987,5,16.63,16.66,16.63,16.65,77000,1281965.0
2026-04-16 13:55:00,2026-04-16,20260416135500000,002987,5,16.65,16.68,16.65,16.68,62200,1036890.0
2026-04-16 14:00:00,2026-04-16,20260416140000000,002987,5,16.68,16.69,16.68,16.69,108400,1808761.0
2026-04-16 14:05:00,2026-04-16,20260416140500000,002987,5,16.7,16.7,16.68,16.68,53000,884159.0
2026-04-16 14:10:00,2026-04-16,20260416141000000,002987,5,16.68,16.71,16.68,16.71,267818,4472559.6
2026-04-16 14:15:00,2026-04-16,20260416141500000,002987,5,16.7,16.72,16.7,16.71,204500,3417557.0
2026-04-16 14:20:00,2026-04-16,20260416142000000,002987,5,16.72,16.72,16.7,16.72,100300,1675976.0
2026-04-16 14:25:00,2026-04-16,20260416142500000,002987,5,16.72,16.72,16.7,16.71,38300,639736.0
2026-04-16 14:30:00,2026-04-16,20260416143000000,002987,5,16.71,16.71,16.7,16.71,78000,1302947.0
2026-04-16 14:35:00,2026-04-16,20260416143500000,002987,5,16.71,16.72,16.7,16.72,123600,2065515.0
2026-04-16 14:40:00,2026-04-16,20260416144000000,002987,5,16.71,16.72,16.7,16.71,118200,1975355.0
2026-04-16 14:45:00,2026-04-16,20260416144500000,002987,5,16.71,16.72,16.7,16.7,153600,2566355.0
2026-04-16 14:50:00,2026-04-16,20260416145000000,002987,5,16.71,16.71,16.7,16.7,239400,3998718.0
2026-04-16 14:55:00,2026-04-16,20260416145500000,002987,5,16.71,16.71,16.68,16.69,351100,5862170.0
2026-04-16 15:00:00,2026-04-16,20260416150000000,002987,5,16.68,16.7,16.68,16.7,386300,6448095.0
2026-04-17 09:35:00,2026-04-17,20260417093500000,002987,5,16.63,16.71,16.62,16.63,319800,5326050.0
2026-04-17 09:40:00,2026-04-17,20260417094000000,002987,5,16.62,16.63,16.57,16.58,579200,9613841.0
2026-04-17 09:45:00,2026-04-17,20260417094500000,002987,5,16.58,16.62,16.57,16.58,244600,4055905.0
2026-04-17 09:50:00,2026-04-17,20260417095000000,002987,5,16.58,16.65,16.57,16.65,206400,3431886.0
2026-04-17 09:55:00,2026-04-17,20260417095500000,002987,5,16.65,16.68,16.64,16.65,117900,1963829.0
2026-04-17 10:00:00,2026-04-17,20260417100000000,002987,5,16.65,16.65,16.61,16.64,62800,1044443.0
2026-04-17 10:05:00,2026-04-17,20260417100500000,002987,5,16.63,16.65,16.62,16.65,58396,971460.48
2026-04-17 10:10:00,2026-04-17,20260417101000000,002987,5,16.64,16.64,16.59,16.6,153700,2553716.0
2026-04-17 10:15:00,2026-04-17,20260417101500000,002987,5,16.59,16.6,16.57,16.6,125200,2076380.0
2026-04-17 10:20:00,2026-04-17,20260417102000000,002987,5,16.6,16.63,16.6,16.61,124500,2069924.0
2026-04-17 10:25:00,2026-04-17,20260417102500000,002987,5,16.62,16.64,16.61,16.63,52700,876032.0
2026-04-17 10:30:00,2026-04-17,20260417103000000,002987,5,16.63,16.65,16.62,16.64,58900,979768.0
2026-04-17 10:35:00,2026-04-17,20260417103500000,002987,5,16.65,16.7,16.64,16.69,215500,3591832.0
2026-04-17 10:40:00,2026-04-17,20260417104000000,002987,5,16.69,16.7,16.68,16.69,106000,1769166.0
2026-04-17 10:45:00,2026-04-17,20260417104500000,002987,5,16.69,16.69,16.66,16.67,78000,1300819.0
2026-04-17 10:50:00,2026-04-17,20260417105000000,002987,5,16.67,16.73,16.66,16.73,324600,5423137.0
2026-04-17 10:55:00,2026-04-17,20260417105500000,002987,5,16.73,16.73,16.7,16.7,112900,1886798.0
2026-04-17 11:00:00,2026-04-17,20260417110000000,002987,5,16.71,16.71,16.68,16.68,51100,852630.0
2026-04-17 11:05:00,2026-04-17,20260417110500000,002987,5,16.68,16.69,16.66,16.67,51600,860372.0
2026-04-17 11:10:00,2026-04-17,20260417111000000,002987,5,16.68,16.69,16.67,16.67,55000,917389.0
2026-04-17 11:15:00,2026-04-17,20260417111500000,002987,5,16.67,16.68,16.66,16.66,40100,668518.0
2026-04-17 11:20:00,2026-04-17,20260417112000000,002987,5,16.66,16.67,16.66,16.66,37000,616557.0
2026-04-17 11:25:00,2026-04-17,20260417112500000,002987,5,16.66,16.67,16.65,16.67,40900,681270.0
2026-04-17 11:30:00,2026-04-17,20260417113000000,002987,5,16.67,16.67,16.65,16.65,30000,499608.0
2026-04-17 13:05:00,2026-04-17,20260417130500000,002987,5,16.65,16.66,16.63,16.65,98900,1646206.0
2026-04-17 13:10:00,2026-04-17,20260417131000000,002987,5,16.64,16.64,16.63,16.64,55900,929768.0
2026-04-17 13:15:00,2026-04-17,20260417131500000,002987,5,16.64,16.67,16.63,16.65,93100,1549451.0
2026-04-17 13:20:00,2026-04-17,20260417132000000,002987,5,16.65,16.66,16.64,16.66,59700,993921.0
2026-04-17 13:25:00,2026-04-17,20260417132500000,002987,5,16.66,16.69,16.64,16.68,86300,1438305.0
2026-04-17 13:30:00,2026-04-17,20260417133000000,002987,5,16.68,16.69,16.68,16.69,64600,1077663.0
2026-04-17 13:35:00,2026-04-17,20260417133500000,002987,5,16.68,16.69,16.67,16.69,57700,962444.0
2026-04-17 13:40:00,2026-04-17,20260417134000000,002987,5,16.69,16.7,16.67,16.69,147700,2464685.0
2026-04-17 13:45:00,2026-04-17,20260417134500000,002987,5,16.69,16.7,16.68,16.69,62900,1049715.0
2026-04-17 13:50:00,2026-04-17,20260417135000000,002987,5,16.69,16.72,16.68,16.71,344500,5754912.0
2026-04-17 13:55:00,2026-04-17,20260417135500000,002987,5,16.71,16.73,16.71,16.73,238600,3989923.0
2026-04-17 14:00:00,2026-04-17,20260417140000000,002987,5,16.73,16.74,16.72,16.73,178940,2992969.8
2026-04-17 14:05:00,2026-04-17,20260417140500000,002987,5,16.73,16.74,16.71,16.74,276721,4627159.71
2026-04-17 14:10:00,2026-04-17,20260417141000000,002987,5,16.74,16.74,16.71,16.71,151400,2532759.0
2026-04-17 14:15:00,2026-04-17,20260417141500000,002987,5,16.71,16.71,16.68,16.68,188200,3141302.0
2026-04-17 14:20:00,2026-04-17,20260417142000000,002987,5,16.68,16.69,16.67,16.68,62500,1042395.0
2026-04-17 14:25:00,2026-04-17,20260417142500000,002987,5,16.67,16.69,16.67,16.68,51600,860944.0
2026-04-17 14:30:00,2026-04-17,20260417143000000,002987,5,16.68,16.69,16.67,16.68,130900,2183502.0
2026-04-17 14:35:00,2026-04-17,20260417143500000,002987,5,16.68,16.69,16.67,16.68,60780,1013904.4
2026-04-17 14:40:00,2026-04-17,20260417144000000,002987,5,16.68,16.69,16.67,16.68,113000,1884635.0
2026-04-17 14:45:00,2026-04-17,20260417144500000,002987,5,16.68,16.69,16.68,16.68,79300,1322817.0
2026-04-17 14:50:00,2026-04-17,20260417145000000,002987,5,16.68,16.69,16.67,16.67,157100,2620189.0
2026-04-17 14:55:00,2026-04-17,20260417145500000,002987,5,16.67,16.68,16.65,16.66,238300,3971821.0
2026-04-17 15:00:00,2026-04-17,20260417150000000,002987,5,16.66,16.67,16.65,16.66,217300,3619752.0
2026-04-20 09:35:00,2026-04-20,20260420093500000,002987,5,16.66,16.7,16.63,16.68,530200,8836029.0
2026-04-20 09:40:00,2026-04-20,20260420094000000,002987,5,16.68,16.7,16.64,16.65,308400,5140390.0
2026-04-20 09:45:00,2026-04-20,20260420094500000,002987,5,16.65,16.65,16.6,16.65,293996,4887987.56
2026-04-20 09:50:00,2026-04-20,20260420095000000,002987,5,16.65,16.66,16.62,16.65,282100,4693987.0
2026-04-20 09:55:00,2026-04-20,20260420095500000,002987,5,16.65,16.67,16.64,16.66,400580,6672284.0
2026-04-20 10:00:00,2026-04-20,20260420100000000,002987,5,16.66,16.66,16.64,16.65,258800,4308470.0
2026-04-20 10:05:00,2026-04-20,20260420100500000,002987,5,16.65,16.65,16.61,16.61,289100,4806199.0
2026-04-20 10:10:00,2026-04-20,20260420101000000,002987,5,16.62,16.68,16.61,16.66,325700,5423544.0
2026-04-20 10:15:00,2026-04-20,20260420101500000,002987,5,16.67,16.67,16.65,16.66,137200,2285675.0
2026-04-20 10:20:00,2026-04-20,20260420102000000,002987,5,16.65,16.67,16.64,16.66,158200,2633949.0
2026-04-20 10:25:00,2026-04-20,20260420102500000,002987,5,16.66,16.67,16.65,16.66,139400,2322822.0
2026-04-20 10:30:00,2026-04-20,20260420103000000,002987,5,16.66,16.68,16.65,16.67,173600,2893097.0
2026-04-20 10:35:00,2026-04-20,20260420103500000,002987,5,16.67,16.68,16.66,16.68,271600,4526639.0
2026-04-20 10:40:00,2026-04-20,20260420104000000,002987,5,16.68,16.69,16.67,16.68,151000,2518508.0
2026-04-20 10:45:00,2026-04-20,20260420104500000,002987,5,16.68,16.69,16.65,16.66,190800,3180274.0
2026-04-20 10:50:00,2026-04-20,20260420105000000,002987,5,16.66,16.66,16.64,16.65,108600,1807973.0
2026-04-20 10:55:00,2026-04-20,20260420105500000,002987,5,16.65,16.66,16.64,16.65,100600,1674943.0
2026-04-20 11:00:00,2026-04-20,20260420110000000,002987,5,16.65,16.67,16.65,16.66,138300,2303650.0
2026-04-20 11:05:00,2026-04-20,20260420110500000,002987,5,16.66,16.68,16.65,16.65,140740,2344849.0
2026-04-20 11:10:00,2026-04-20,20260420111000000,002987,5,16.65,16.66,16.65,16.65,81360,1354796.0
2026-04-20 11:15:00,2026-04-20,20260420111500000,002987,5,16.65,16.66,16.64,16.65,74200,1235181.0
2026-04-20 11:20:00,2026-04-20,20260420112000000,002987,5,16.65,16.66,16.62,16.63,297300,4945996.0
2026-04-20 11:25:00,2026-04-20,20260420112500000,002987,5,16.63,16.64,16.62,16.64,65600,1091109.0
2026-04-20 11:30:00,2026-04-20,20260420113000000,002987,5,16.64,16.66,16.64,16.66,82900,1380254.0
2026-04-20 13:05:00,2026-04-20,20260420130500000,002987,5,16.65,16.69,16.65,16.69,207200,3454746.0
2026-04-20 13:10:00,2026-04-20,20260420131000000,002987,5,16.69,16.69,16.67,16.68,138256,2306152.08
2026-04-20 13:15:00,2026-04-20,20260420131500000,002987,5,16.68,16.69,16.68,16.69,43000,717476.0
2026-04-20 13:20:00,2026-04-20,20260420132000000,002987,5,16.68,16.7,16.68,16.68,222400,3711625.0
2026-04-20 13:25:00,2026-04-20,20260420132500000,002987,5,16.68,16.69,16.67,16.68,97500,1626359.0
2026-04-20 13:30:00,2026-04-20,20260420133000000,002987,5,16.68,16.68,16.66,16.67,88900,1481901.0
2026-04-20 13:35:00,2026-04-20,20260420133500000,002987,5,16.67,16.67,16.66,16.66,111100,1851189.0
2026-04-20 13:40:00,2026-04-20,20260420134000000,002987,5,16.66,16.67,16.64,16.64,164200,2734900.0
2026-04-20 13:45:00,2026-04-20,20260420134500000,002987,5,16.64,16.65,16.62,16.63,142400,2368177.0
2026-04-20 13:50:00,2026-04-20,20260420135000000,002987,5,16.63,16.64,16.63,16.64,72389,1204357.07
2026-04-20 13:55:00,2026-04-20,20260420135500000,002987,5,16.64,16.64,16.63,16.64,110300,1834578.0
2026-04-20 14:00:00,2026-04-20,20260420140000000,002987,5,16.64,16.65,16.63,16.63,101500,1688674.0
2026-04-20 14:05:00,2026-04-20,20260420140500000,002987,5,16.63,16.64,16.63,16.64,70884,1178988.92
2026-04-20 14:10:00,2026-04-20,20260420141000000,002987,5,16.63,16.64,16.63,16.64,92500,1538517.0
2026-04-20 14:15:00,2026-04-20,20260420141500000,002987,5,16.64,16.64,16.63,16.63,74900,1245741.0
2026-04-20 14:20:00,2026-04-20,20260420142000000,002987,5,16.63,16.64,16.63,16.64,33500,557369.0
2026-04-20 14:25:00,2026-04-20,20260420142500000,002987,5,16.64,16.65,16.63,16.64,94900,1579306.0
2026-04-20 14:30:00,2026-04-20,20260420143000000,002987,5,16.64,16.65,16.63,16.63,74160,1234276.4
2026-04-20 14:35:00,2026-04-20,20260420143500000,002987,5,16.63,16.64,16.63,16.63,254600,4234208.0
2026-04-20 14:40:00,2026-04-20,20260420144000000,002987,5,16.63,16.64,16.62,16.64,217500,3617732.0
2026-04-20 14:45:00,2026-04-20,20260420144500000,002987,5,16.64,16.64,16.62,16.64,235000,3907849.0
2026-04-20 14:50:00,2026-04-20,20260420145000000,002987,5,16.64,16.64,16.62,16.64,98900,1644865.0
2026-04-20 14:55:00,2026-04-20,20260420145500000,002987,5,16.63,16.64,16.63,16.63,289140,4809907.2
2026-04-20 15:00:00,2026-04-20,20260420150000000,002987,5,16.63,16.64,16.63,16.63,409360,6808495.8
2026-04-21 09:35:00,2026-04-21,20260421093500000,002987,5,16.6,16.65,16.53,16.54,499640,8276430.0
2026-04-21 09:40:00,2026-04-21,20260421094000000,002987,5,16.51,16.52,16.36,16.36,895800,14735117.0
2026-04-21 09:45:00,2026-04-21,20260421094500000,002987,5,16.36,16.38,16.35,16.38,875500,14321971.0
2026-04-21 09:50:00,2026-04-21,20260421095000000,002987,5,16.38,16.38,16.33,16.34,392600,6418966.0
2026-04-21 09:55:00,2026-04-21,20260421095500000,002987,5,16.34,16.35,16.3,16.3,336200,5484975.0
2026-04-21 10:00:00,2026-04-21,20260421100000000,002987,5,16.3,16.32,16.3,16.32,266900,4352987.0
2026-04-21 10:05:00,2026-04-21,20260421100500000,002987,5,16.32,16.33,16.27,16.28,472900,7707000.0
2026-04-21 10:10:00,2026-04-21,20260421101000000,002987,5,16.3,16.33,16.29,16.29,224400,3658264.0
2026-04-21 10:15:00,2026-04-21,20260421101500000,002987,5,16.29,16.35,16.29,16.33,230039,3752001.92
2026-04-21 10:20:00,2026-04-21,20260421102000000,002987,5,16.33,16.33,16.3,16.3,103400,1686811.0
2026-04-21 10:25:00,2026-04-21,20260421102500000,002987,5,16.3,16.3,16.27,16.29,181600,2957369.0
2026-04-21 10:30:00,2026-04-21,20260421103000000,002987,5,16.29,16.32,16.28,16.31,177200,2887667.0
2026-04-21 10:35:00,2026-04-21,20260421103500000,002987,5,16.3,16.32,16.28,16.28,137100,2234953.0
2026-04-21 10:40:00,2026-04-21,20260421104000000,002987,5,16.28,16.31,16.28,16.3,89600,1459598.0
2026-04-21 10:45:00,2026-04-21,20260421104500000,002987,5,16.31,16.32,16.3,16.31,110400,1800688.0
2026-04-21 10:50:00,2026-04-21,20260421105000000,002987,5,16.31,16.31,16.29,16.29,137095,2234370.55
2026-04-21 10:55:00,2026-04-21,20260421105500000,002987,5,16.29,16.32,16.29,16.29,109200,1780143.0
2026-04-21 11:00:00,2026-04-21,20260421110000000,002987,5,16.29,16.3,16.28,16.29,127305,2073402.5
2026-04-21 11:05:00,2026-04-21,20260421110500000,002987,5,16.29,16.29,16.27,16.28,86700,1411531.0
2026-04-21 11:10:00,2026-04-21,20260421111000000,002987,5,16.27,16.28,16.27,16.27,145800,2372483.0
2026-04-21 11:15:00,2026-04-21,20260421111500000,002987,5,16.27,16.29,16.27,16.28,67600,1100411.0
2026-04-21 11:20:00,2026-04-21,20260421112000000,002987,5,16.28,16.28,16.27,16.27,59600,969995.0
2026-04-21 11:25:00,2026-04-21,20260421112500000,002987,5,16.27,16.27,16.26,16.27,114700,1865779.0
2026-04-21 11:30:00,2026-04-21,20260421113000000,002987,5,16.27,16.27,16.26,16.27,68200,1109256.0
2026-04-21 13:05:00,2026-04-21,20260421130500000,002987,5,16.26,16.28,16.25,16.26,219200,3564020.0
2026-04-21 13:10:00,2026-04-21,20260421131000000,002987,5,16.26,16.29,16.26,16.29,80200,1305303.0
2026-04-21 13:15:00,2026-04-21,20260421131500000,002987,5,16.29,16.33,16.28,16.33,142900,2331355.0
2026-04-21 13:20:00,2026-04-21,20260421132000000,002987,5,16.33,16.39,16.33,16.35,301100,4923455.0
2026-04-21 13:25:00,2026-04-21,20260421132500000,002987,5,16.35,16.36,16.33,16.35,113000,1846811.0
2026-04-21 13:30:00,2026-04-21,20260421133000000,002987,5,16.35,16.35,16.32,16.32,42000,685917.0
2026-04-21 13:35:00,2026-04-21,20260421133500000,002987,5,16.32,16.34,16.31,16.31,32400,529012.0
2026-04-21 13:40:00,2026-04-21,20260421134000000,002987,5,16.32,16.34,16.31,16.33,61400,1002598.0
2026-04-21 13:45:00,2026-04-21,20260421134500000,002987,5,16.33,16.37,16.33,16.36,96320,1574633.8
2026-04-21 13:50:00,2026-04-21,20260421135000000,002987,5,16.35,16.37,16.34,16.35,73400,1200497.0
2026-04-21 13:55:00,2026-04-21,20260421135500000,002987,5,16.36,16.37,16.34,16.34,100600,1645349.0
2026-04-21 14:00:00,2026-04-21,20260421140000000,002987,5,16.34,16.35,16.31,16.31,56800,927432.0
2026-04-21 14:05:00,2026-04-21,20260421140500000,002987,5,16.31,16.32,16.28,16.28,137700,2244073.0
2026-04-21 14:10:00,2026-04-21,20260421141000000,002987,5,16.29,16.3,16.28,16.3,66400,1081911.0
2026-04-21 14:15:00,2026-04-21,20260421141500000,002987,5,16.3,16.3,16.28,16.28,82900,1350506.0
2026-04-21 14:20:00,2026-04-21,20260421142000000,002987,5,16.28,16.29,16.28,16.29,84400,1374468.0
2026-04-21 14:25:00,2026-04-21,20260421142500000,002987,5,16.29,16.3,16.28,16.29,29100,474160.0
2026-04-21 14:30:00,2026-04-21,20260421143000000,002987,5,16.3,16.32,16.29,16.31,57509,937473.21
2026-04-21 14:35:00,2026-04-21,20260421143500000,002987,5,16.31,16.36,16.31,16.35,83500,1364371.0
2026-04-21 14:40:00,2026-04-21,20260421144000000,002987,5,16.35,16.35,16.32,16.32,110400,1802889.0
2026-04-21 14:45:00,2026-04-21,20260421144500000,002987,5,16.31,16.34,16.31,16.32,166400,2716916.0
2026-04-21 14:50:00,2026-04-21,20260421145000000,002987,5,16.33,16.35,16.32,16.34,169400,2766966.0
2026-04-21 14:55:00,2026-04-21,20260421145500000,002987,5,16.34,16.36,16.33,16.34,263519,4307337.46
2026-04-21 15:00:00,2026-04-21,20260421150000000,002987,5,16.35,16.36,16.34,16.34,190144,3107653.96
2026-04-22 09:35:00,2026-04-22,20260422093500000,002987,5,16.26,16.28,16.19,16.26,479860,7784313.8
2026-04-22 09:40:00,2026-04-22,20260422094000000,002987,5,16.26,16.35,16.26,16.34,207600,3386479.0
2026-04-22 09:45:00,2026-04-22,20260422094500000,002987,5,16.34,16.41,16.33,16.4,225000,3683608.0
2026-04-22 09:50:00,2026-04-22,20260422095000000,002987,5,16.4,16.4,16.34,16.34,295300,4837850.0
2026-04-22 09:55:00,2026-04-22,20260422095500000,002987,5,16.34,16.36,16.33,16.36,93200,1523268.0
2026-04-22 10:00:00,2026-04-22,20260422100000000,002987,5,16.35,16.38,16.34,16.34,118600,1940234.0
2026-04-22 10:05:00,2026-04-22,20260422100500000,002987,5,16.34,16.34,16.3,16.3,174400,2844476.0
2026-04-22 10:10:00,2026-04-22,20260422101000000,002987,5,16.3,16.35,16.3,16.35,84900,1386556.0
2026-04-22 10:15:00,2026-04-22,20260422101500000,002987,5,16.35,16.37,16.34,16.34,117380,1919266.0
2026-04-22 10:20:00,2026-04-22,20260422102000000,002987,5,16.34,16.37,16.33,16.37,56733,927720.55
2026-04-22 10:25:00,2026-04-22,20260422102500000,002987,5,16.37,16.37,16.35,16.35,51600,844289.0
2026-04-22 10:30:00,2026-04-22,20260422103000000,002987,5,16.35,16.37,16.34,16.35,70267,1149119.45
2026-04-22 10:35:00,2026-04-22,20260422103500000,002987,5,16.35,16.42,16.35,16.39,478273,7837853.55
2026-04-22 10:40:00,2026-04-22,20260422104000000,002987,5,16.39,16.43,16.39,16.41,123400,2024831.0
2026-04-22 10:45:00,2026-04-22,20260422104500000,002987,5,16.41,16.42,16.39,16.41,97400,1598056.0
2026-04-22 10:50:00,2026-04-22,20260422105000000,002987,5,16.41,16.45,16.41,16.43,144340,2371648.4
2026-04-22 10:55:00,2026-04-22,20260422105500000,002987,5,16.43,16.47,16.43,16.46,197518,3249151.92
2026-04-22 11:00:00,2026-04-22,20260422110000000,002987,5,16.46,16.46,16.44,16.44,70800,1164709.0
2026-04-22 11:05:00,2026-04-22,20260422110500000,002987,5,16.44,16.45,16.42,16.43,65400,1074775.0
2026-04-22 11:10:00,2026-04-22,20260422111000000,002987,5,16.43,16.5,16.43,16.46,207200,3413196.0
2026-04-22 11:15:00,2026-04-22,20260422111500000,002987,5,16.46,16.47,16.43,16.45,42800,703947.0
2026-04-22 11:20:00,2026-04-22,20260422112000000,002987,5,16.45,16.45,16.44,16.45,22900,376669.0
2026-04-22 11:25:00,2026-04-22,20260422112500000,002987,5,16.45,16.46,16.44,16.46,55800,917746.0
2026-04-22 11:30:00,2026-04-22,20260422113000000,002987,5,16.46,16.48,16.44,16.46,85049,1399820.56
2026-04-22 13:05:00,2026-04-22,20260422130500000,002987,5,16.47,16.49,16.46,16.47,90600,1492623.0
2026-04-22 13:10:00,2026-04-22,20260422131000000,002987,5,16.47,16.54,16.47,16.53,337100,5561677.0
2026-04-22 13:15:00,2026-04-22,20260422131500000,002987,5,16.54,16.54,16.52,16.53,154600,2556311.0
2026-04-22 13:20:00,2026-04-22,20260422132000000,002987,5,16.53,16.56,16.52,16.55,210600,3483084.0
2026-04-22 13:25:00,2026-04-22,20260422132500000,002987,5,16.55,16.6,16.54,16.58,256100,4244845.0
2026-04-22 13:30:00,2026-04-22,20260422133000000,002987,5,16.59,16.62,16.59,16.59,239344,3973123.4
2026-04-22 13:35:00,2026-04-22,20260422133500000,002987,5,16.6,16.65,16.58,16.65,256600,4262453.0
2026-04-22 13:40:00,2026-04-22,20260422134000000,002987,5,16.65,16.65,16.63,16.64,183000,3045010.0
2026-04-22 13:45:00,2026-04-22,20260422134500000,002987,5,16.64,16.64,16.62,16.62,165500,2752579.0
2026-04-22 13:50:00,2026-04-22,20260422135000000,002987,5,16.62,16.62,16.59,16.59,166800,2769576.0
2026-04-22 13:55:00,2026-04-22,20260422135500000,002987,5,16.59,16.62,16.59,16.61,122700,2037439.0
2026-04-22 14:00:00,2026-04-22,20260422140000000,002987,5,16.61,16.61,16.58,16.6,185700,3080104.0
2026-04-22 14:05:00,2026-04-22,20260422140500000,002987,5,16.6,16.63,16.59,16.61,130800,2173325.0
2026-04-22 14:10:00,2026-04-22,20260422141000000,002987,5,16.61,16.62,16.6,16.61,55640,924306.0
2026-04-22 14:15:00,2026-04-22,20260422141500000,002987,5,16.61,16.62,16.59,16.59,82560,1370580.0
2026-04-22 14:20:00,2026-04-22,20260422142000000,002987,5,16.58,16.61,16.58,16.6,80000,1328011.0
2026-04-22 14:25:00,2026-04-22,20260422142500000,002987,5,16.59,16.6,16.58,16.6,71800,1191013.0
2026-04-22 14:30:00,2026-04-22,20260422143000000,002987,5,16.59,16.61,16.59,16.6,86500,1436094.0
2026-04-22 14:35:00,2026-04-22,20260422143500000,002987,5,16.6,16.62,16.6,16.62,148500,2466384.0
2026-04-22 14:40:00,2026-04-22,20260422144000000,002987,5,16.61,16.62,16.61,16.62,74100,1231283.0
2026-04-22 14:45:00,2026-04-22,20260422144500000,002987,5,16.61,16.63,16.61,16.63,138089,2295417.18
2026-04-22 14:50:00,2026-04-22,20260422145000000,002987,5,16.62,16.64,16.62,16.64,227800,3788036.0
2026-04-22 14:55:00,2026-04-22,20260422145500000,002987,5,16.64,16.65,16.63,16.65,569100,9469585.0
2026-04-22 15:00:00,2026-04-22,20260422150000000,002987,5,16.65,16.65,16.64,16.64,292900,4874721.0
2026-04-23 09:35:00,2026-04-23,20260423093500000,002987,5,16.61,16.64,16.49,16.5,393956,6517676.44
2026-04-23 09:40:00,2026-04-23,20260423094000000,002987,5,16.5,16.53,16.49,16.49,318900,5263084.0
2026-04-23 09:45:00,2026-04-23,20260423094500000,002987,5,16.48,16.49,16.4,16.41,504200,8288267.0
2026-04-23 09:50:00,2026-04-23,20260423095000000,002987,5,16.4,16.45,16.38,16.41,339800,5576129.0
2026-04-23 09:55:00,2026-04-23,20260423095500000,002987,5,16.4,16.44,16.37,16.42,460000,7540086.0
2026-04-23 10:00:00,2026-04-23,20260423100000000,002987,5,16.4,16.42,16.39,16.41,116900,1917270.0
2026-04-23 10:05:00,2026-04-23,20260423100500000,002987,5,16.41,16.44,16.39,16.43,175500,2880151.0
2026-04-23 10:10:00,2026-04-23,20260423101000000,002987,5,16.43,16.48,16.41,16.46,104700,1721666.0
2026-04-23 10:15:00,2026-04-23,20260423101500000,002987,5,16.46,16.46,16.41,16.44,127600,2096617.0
2026-04-23 10:20:00,2026-04-23,20260423102000000,002987,5,16.45,16.45,16.4,16.41,83900,1377861.0
2026-04-23 10:25:00,2026-04-23,20260423102500000,002987,5,16.41,16.45,16.41,16.44,131200,2154948.44
2026-04-23 10:30:00,2026-04-23,20260423103000000,002987,5,16.44,16.45,16.4,16.42,154000,2528721.0
2026-04-23 10:35:00,2026-04-23,20260423103500000,002987,5,16.42,16.45,16.4,16.43,125240,2056720.6
2026-04-23 10:40:00,2026-04-23,20260423104000000,002987,5,16.44,16.45,16.42,16.42,54300,892285.0
2026-04-23 10:45:00,2026-04-23,20260423104500000,002987,5,16.42,16.42,16.4,16.4,51100,838486.0
2026-04-23 10:50:00,2026-04-23,20260423105000000,002987,5,16.41,16.41,16.39,16.4,155600,2551776.0
2026-04-23 10:55:00,2026-04-23,20260423105500000,002987,5,16.4,16.4,16.38,16.38,118630,1943888.4
2026-04-23 11:00:00,2026-04-23,20260423110000000,002987,5,16.38,16.39,16.38,16.38,76700,1256581.0
2026-04-23 11:05:00,2026-04-23,20260423110500000,002987,5,16.38,16.39,16.37,16.39,81800,1339979.7
2026-04-23 11:10:00,2026-04-23,20260423111000000,002987,5,16.38,16.39,16.37,16.37,96900,1586885.0
2026-04-23 11:15:00,2026-04-23,20260423111500000,002987,5,16.38,16.38,16.35,16.35,150370,2460497.9
2026-04-23 11:20:00,2026-04-23,20260423112000000,002987,5,16.36,16.38,16.33,16.34,200400,3276775.0
2026-04-23 11:25:00,2026-04-23,20260423112500000,002987,5,16.34,16.34,16.3,16.32,643700,10509437.0
2026-04-23 11:30:00,2026-04-23,20260423113000000,002987,5,16.32,16.32,16.28,16.29,193600,3155499.0
2026-04-23 13:05:00,2026-04-23,20260423130500000,002987,5,16.28,16.3,16.25,16.26,229800,3738770.0
2026-04-23 13:10:00,2026-04-23,20260423131000000,002987,5,16.27,16.28,16.26,16.28,98800,1607444.0
2026-04-23 13:15:00,2026-04-23,20260423131500000,002987,5,16.28,16.3,16.26,16.29,110400,1797188.0
2026-04-23 13:20:00,2026-04-23,20260423132000000,002987,5,16.3,16.31,16.29,16.3,63400,1033379.0
2026-04-23 13:25:00,2026-04-23,20260423132500000,002987,5,16.3,16.31,16.27,16.29,119869,1953146.63
2026-04-23 13:30:00,2026-04-23,20260423133000000,002987,5,16.29,16.29,16.27,16.28,65900,1072704.0
2026-04-23 13:35:00,2026-04-23,20260423133500000,002987,5,16.28,16.31,16.28,16.31,66700,1086547.0
2026-04-23 13:40:00,2026-04-23,20260423134000000,002987,5,16.31,16.32,16.29,16.29,98100,1599400.0
2026-04-23 13:45:00,2026-04-23,20260423134500000,002987,5,16.29,16.3,16.27,16.29,105900,1724468.0
2026-04-23 13:50:00,2026-04-23,20260423135000000,002987,5,16.29,16.31,16.29,16.31,53100,865378.0
2026-04-23 13:55:00,2026-04-23,20260423135500000,002987,5,16.3,16.31,16.28,16.29,83200,1356091.0
2026-04-23 14:00:00,2026-04-23,20260423140000000,002987,5,16.29,16.38,16.29,16.37,151100,2469042.0
2026-04-23 14:05:00,2026-04-23,20260423140500000,002987,5,16.37,16.38,16.33,16.35,90200,1475769.0
2026-04-23 14:10:00,2026-04-23,20260423141000000,002987,5,16.35,16.35,16.31,16.32,55200,901137.0
2026-04-23 14:15:00,2026-04-23,20260423141500000,002987,5,16.32,16.32,16.3,16.31,57000,929703.0
2026-04-23 14:20:00,2026-04-23,20260423142000000,002987,5,16.31,16.32,16.3,16.31,58500,953981.0
2026-04-23 14:25:00,2026-04-23,20260423142500000,002987,5,16.31,16.31,16.28,16.29,76300,1243181.0
2026-04-23 14:30:00,2026-04-23,20260423143000000,002987,5,16.29,16.3,16.28,16.28,82200,1338587.0
2026-04-23 14:35:00,2026-04-23,20260423143500000,002987,5,16.28,16.3,16.28,16.3,156700,2552045.0
2026-04-23 14:40:00,2026-04-23,20260423144000000,002987,5,16.3,16.34,16.28,16.33,164189,2677620.37
2026-04-23 14:45:00,2026-04-23,20260423144500000,002987,5,16.33,16.36,16.32,16.33,84400,1379266.0
2026-04-23 14:50:00,2026-04-23,20260423145000000,002987,5,16.34,16.36,16.32,16.32,170200,2781946.0
2026-04-23 14:55:00,2026-04-23,20260423145500000,002987,5,16.32,16.35,16.32,16.34,290800,4747075.0
2026-04-23 15:00:00,2026-04-23,20260423150000000,002987,5,16.35,16.36,16.33,16.35,184600,3018758.0
2026-04-24 09:35:00,2026-04-24,20260424093500000,002987,5,16.27,16.35,16.17,16.17,518500,8423407.0
2026-04-24 09:40:00,2026-04-24,20260424094000000,002987,5,16.19,16.2,16.14,16.14,430700,6961943.0
2026-04-24 09:45:00,2026-04-24,20260424094500000,002987,5,16.15,16.16,16.08,16.11,433000,6974060.0
2026-04-24 09:50:00,2026-04-24,20260424095000000,002987,5,16.1,16.12,16.03,16.05,386300,6207725.0
2026-04-24 09:55:00,2026-04-24,20260424095500000,002987,5,16.05,16.05,15.97,15.98,698500,11178854.0
2026-04-24 10:00:00,2026-04-24,20260424100000000,002987,5,15.98,16.01,15.96,16.01,332400,5313884.0
2026-04-24 10:05:00,2026-04-24,20260424100500000,002987,5,16.0,16.01,15.93,15.93,468700,7483142.0
2026-04-24 10:10:00,2026-04-24,20260424101000000,002987,5,15.93,15.97,15.93,15.97,191200,3048092.0
2026-04-24 10:15:00,2026-04-24,20260424101500000,002987,5,15.97,15.99,15.96,15.97,165900,2649855.0
2026-04-24 10:20:00,2026-04-24,20260424102000000,002987,5,15.98,16.0,15.97,15.97,145000,2317954.0
2026-04-24 10:25:00,2026-04-24,20260424102500000,002987,5,15.97,15.99,15.97,15.97,107077,1710722.69
2026-04-24 10:30:00,2026-04-24,20260424103000000,002987,5,15.98,15.98,15.97,15.98,104920,1676008.4
2026-04-24 10:35:00,2026-04-24,20260424103500000,002987,5,15.97,16.02,15.97,15.99,132568,2120839.0
2026-04-24 10:40:00,2026-04-24,20260424104000000,002987,5,16.0,16.0,15.96,15.96,103100,1646810.0
2026-04-24 10:45:00,2026-04-24,20260424104500000,002987,5,15.96,15.97,15.95,15.96,150200,2396521.0
2026-04-24 10:50:00,2026-04-24,20260424105000000,002987,5,15.96,15.97,15.95,15.97,90289,1441220.44
2026-04-24 10:55:00,2026-04-24,20260424105500000,002987,5,15.96,15.98,15.95,15.98,72829,1162492.66
2026-04-24 11:00:00,2026-04-24,20260424110000000,002987,5,15.97,16.04,15.97,16.04,111549,1785375.49
2026-04-24 11:05:00,2026-04-24,20260424110500000,002987,5,16.03,16.04,15.98,15.98,105751,1693667.51
2026-04-24 11:10:00,2026-04-24,20260424111000000,002987,5,15.98,15.99,15.96,15.97,95000,1518060.0
2026-04-24 11:15:00,2026-04-24,20260424111500000,002987,5,15.97,15.98,15.96,15.97,102310,1633925.6
2026-04-24 11:20:00,2026-04-24,20260424112000000,002987,5,15.96,15.98,15.96,15.96,58133,928215.68
2026-04-24 11:25:00,2026-04-24,20260424112500000,002987,5,15.96,16.03,15.96,16.02,110700,1770139.0
2026-04-24 11:30:00,2026-04-24,20260424113000000,002987,5,16.03,16.05,16.02,16.05,174040,2789818.8
2026-04-24 13:05:00,2026-04-24,20260424130500000,002987,5,16.05,16.13,16.05,16.09,269400,4336441.0
2026-04-24 13:10:00,2026-04-24,20260424131000000,002987,5,16.08,16.09,16.02,16.03,95400,1530914.0
2026-04-24 13:15:00,2026-04-24,20260424131500000,002987,5,16.03,16.05,16.01,16.05,106300,1703946.0
2026-04-24 13:20:00,2026-04-24,20260424132000000,002987,5,16.05,16.18,16.05,16.15,567200,9144916.0
2026-04-24 13:25:00,2026-04-24,20260424132500000,002987,5,16.14,16.14,16.1,16.11,79249,1277335.39
2026-04-24 13:30:00,2026-04-24,20260424133000000,002987,5,16.1,16.11,16.08,16.08,111700,1797305.0
2026-04-24 13:35:00,2026-04-24,20260424133500000,002987,5,16.08,16.09,16.06,16.07,72600,1166927.0
2026-04-24 13:40:00,2026-04-24,20260424134000000,002987,5,16.06,16.15,16.05,16.15,164900,2655123.0
2026-04-24 13:45:00,2026-04-24,20260424134500000,002987,5,16.15,16.15,16.12,16.13,39280,633699.6
2026-04-24 13:50:00,2026-04-24,20260424135000000,002987,5,16.12,16.13,16.11,16.12,82820,1334973.4
2026-04-24 13:55:00,2026-04-24,20260424135500000,002987,5,16.11,16.12,16.1,16.1,54200,873118.0
2026-04-24 14:00:00,2026-04-24,20260424140000000,002987,5,16.1,16.1,16.08,16.09,73300,1179252.0
2026-04-24 14:05:00,2026-04-24,20260424140500000,002987,5,16.08,16.13,16.07,16.1,106000,1707043.0
2026-04-24 14:10:00,2026-04-24,20260424141000000,002987,5,16.1,16.13,16.1,16.12,68600,1105552.0
2026-04-24 14:15:00,2026-04-24,20260424141500000,002987,5,16.12,16.17,16.12,16.15,199200,3215681.0
2026-04-24 14:20:00,2026-04-24,20260424142000000,002987,5,16.14,16.16,16.12,16.13,115600,1866307.0
2026-04-24 14:25:00,2026-04-24,20260424142500000,002987,5,16.13,16.2,16.13,16.2,165500,2675240.0
2026-04-24 14:30:00,2026-04-24,20260424143000000,002987,5,16.19,16.2,16.14,16.14,138100,2233165.0
2026-04-24 14:35:00,2026-04-24,20260424143500000,002987,5,16.14,16.16,16.13,16.15,99647,1609112.05
2026-04-24 14:40:00,2026-04-24,20260424144000000,002987,5,16.15,16.16,16.13,16.13,117200,1891920.0
2026-04-24 14:45:00,2026-04-24,20260424144500000,002987,5,16.14,16.14,16.11,16.11,99300,1601179.0
2026-04-24 14:50:00,2026-04-24,20260424145000000,002987,5,16.12,16.14,16.1,16.14,154300,2486004.0
2026-04-24 14:55:00,2026-04-24,20260424145500000,002987,5,16.15,16.15,16.11,16.12,175800,2834391.73
2026-04-24 15:00:00,2026-04-24,20260424150000000,002987,5,16.11,16.12,16.08,16.1,188900,3041692.0
2026-04-27 09:35:00,2026-04-27,20260427093500000,002987,5,16.0,16.17,15.95,15.95,418589,6702735.89
2026-04-27 09:40:00,2026-04-27,20260427094000000,002987,5,15.95,16.02,15.9,15.9,760900,12134151.0
2026-04-27 09:45:00,2026-04-27,20260427094500000,002987,5,15.9,15.91,15.84,15.87,505100,8017284.0
2026-04-27 09:50:00,2026-04-27,20260427095000000,002987,5,15.87,15.97,15.87,15.95,235900,3753789.48
2026-04-27 09:55:00,2026-04-27,20260427095500000,002987,5,15.96,16.14,15.95,16.11,319074,5123474.14
2026-04-27 10:00:00,2026-04-27,20260427100000000,002987,5,16.11,16.12,16.05,16.07,195700,3146977.0
2026-04-27 10:05:00,2026-04-27,20260427100500000,002987,5,16.07,16.12,16.07,16.1,180700,2908108.0
2026-04-27 10:10:00,2026-04-27,20260427101000000,002987,5,16.1,16.1,16.08,16.09,82800,1332323.0
2026-04-27 10:15:00,2026-04-27,20260427101500000,002987,5,16.09,16.09,16.05,16.05,66700,1071929.0
2026-04-27 10:20:00,2026-04-27,20260427102000000,002987,5,16.06,16.08,16.05,16.06,46500,746969.0
2026-04-27 10:25:00,2026-04-27,20260427102500000,002987,5,16.05,16.11,16.05,16.08,109400,1758842.0
2026-04-27 10:30:00,2026-04-27,20260427103000000,002987,5,16.09,16.1,16.06,16.06,47300,760862.0
2026-04-27 10:35:00,2026-04-27,20260427103500000,002987,5,16.07,16.07,16.05,16.06,72600,1166130.0
2026-04-27 10:40:00,2026-04-27,20260427104000000,002987,5,16.06,16.06,16.03,16.03,91994,1475546.82
2026-04-27 10:45:00,2026-04-27,20260427104500000,002987,5,16.03,16.04,16.02,16.02,96600,1548467.0
2026-04-27 10:50:00,2026-04-27,20260427105000000,002987,5,16.02,16.02,16.01,16.02,60500,968963.0
2026-04-27 10:55:00,2026-04-27,20260427105500000,002987,5,16.02,16.04,16.02,16.02,51700,828785.0
2026-04-27 11:00:00,2026-04-27,20260427110000000,002987,5,16.02,16.02,16.01,16.01,62500,1000958.0
2026-04-27 11:05:00,2026-04-27,20260427110500000,002987,5,16.01,16.02,15.97,15.97,267000,4271751.0
2026-04-27 11:10:00,2026-04-27,20260427111000000,002987,5,15.99,16.05,15.97,16.03,97540,1561068.2
2026-04-27 11:15:00,2026-04-27,20260427111500000,002987,5,16.03,16.13,16.03,16.11,195140,3141104.8
2026-04-27 11:20:00,2026-04-27,20260427112000000,002987,5,16.11,16.13,16.09,16.11,105700,1703447.0
2026-04-27 11:25:00,2026-04-27,20260427112500000,002987,5,16.11,16.12,16.09,16.1,54400,876135.0
2026-04-27 11:30:00,2026-04-27,20260427113000000,002987,5,16.1,16.1,16.08,16.08,39700,638713.0
2026-04-27 13:05:00,2026-04-27,20260427130500000,002987,5,16.07,16.09,16.07,16.07,79300,1275120.0
2026-04-27 13:10:00,2026-04-27,20260427131000000,002987,5,16.08,16.08,16.05,16.07,74200,1191990.2
2026-04-27 13:15:00,2026-04-27,20260427131500000,002987,5,16.08,16.13,16.07,16.11,266100,4286494.0
2026-04-27 13:20:00,2026-04-27,20260427132000000,002987,5,16.12,16.12,16.1,16.11,72200,1163147.0
2026-04-27 13:25:00,2026-04-27,20260427132500000,002987,5,16.11,16.15,16.1,16.13,166800,2690262.0
2026-04-27 13:30:00,2026-04-27,20260427133000000,002987,5,16.13,16.13,16.11,16.13,56000,902689.0
2026-04-27 13:35:00,2026-04-27,20260427133500000,002987,5,16.13,16.14,16.11,16.11,170000,2741592.0
2026-04-27 13:40:00,2026-04-27,20260427134000000,002987,5,16.1,16.1,16.07,16.08,116400,1872696.0
2026-04-27 13:45:00,2026-04-27,20260427134500000,002987,5,16.08,16.09,16.06,16.06,50500,811722.0
2026-04-27 13:50:00,2026-04-27,20260427135000000,002987,5,16.06,16.08,16.06,16.07,34400,552642.0
2026-04-27 13:55:00,2026-04-27,20260427135500000,002987,5,16.07,16.07,16.05,16.05,119549,1920158.45
2026-04-27 14:00:00,2026-04-27,20260427140000000,002987,5,16.05,16.06,16.03,16.04,68551,1099740.55
2026-04-27 14:05:00,2026-04-27,20260427140500000,002987,5,16.03,16.08,16.03,16.08,49600,796391.0
2026-04-27 14:10:00,2026-04-27,20260427141000000,002987,5,16.08,16.08,16.06,16.08,103500,1663461.0
2026-04-27 14:15:00,2026-04-27,20260427141500000,002987,5,16.08,16.09,16.05,16.05,74600,1198622.0
2026-04-27 14:20:00,2026-04-27,20260427142000000,002987,5,16.05,16.06,16.03,16.03,69000,1106849.0
2026-04-27 14:25:00,2026-04-27,20260427142500000,002987,5,16.03,16.05,16.03,16.05,67100,1076236.0
2026-04-27 14:30:00,2026-04-27,20260427143000000,002987,5,16.05,16.06,16.04,16.04,91462,1467716.48
2026-04-27 14:35:00,2026-04-27,20260427143500000,002987,5,16.04,16.08,16.04,16.05,131700,2114376.0
2026-04-27 14:40:00,2026-04-27,20260427144000000,002987,5,16.06,16.07,16.05,16.07,71500,1148203.0
2026-04-27 14:45:00,2026-04-27,20260427144500000,002987,5,16.07,16.07,16.05,16.07,122280,1964060.8
2026-04-27 14:50:00,2026-04-27,20260427145000000,002987,5,16.07,16.09,16.06,16.07,148256,2382717.36
2026-04-27 14:55:00,2026-04-27,20260427145500000,002987,5,16.08,16.09,16.07,16.07,195729,3146626.03
2026-04-27 15:00:00,2026-04-27,20260427150000000,002987,5,16.08,16.08,16.05,16.05,320549,5147511.45
2026-04-28 09:35:00,2026-04-28,20260428093500000,002987,5,15.77,15.77,14.89,14.89,3605299,54871981.17
2026-04-28 09:40:00,2026-04-28,20260428094000000,002987,5,14.89,14.99,14.83,14.9,2297800,34243268.0
2026-04-28 09:45:00,2026-04-28,20260428094500000,002987,5,14.9,14.99,14.87,14.91,986300,14726820.12
2026-04-28 09:50:00,2026-04-28,20260428095000000,002987,5,14.91,15.0,14.91,14.96,726878,10868623.69
2026-04-28 09:55:00,2026-04-28,20260428095500000,002987,5,14.96,14.96,14.84,14.88,1037386,15441343.01
2026-04-28 10:00:00,2026-04-28,20260428100000000,002987,5,14.89,14.92,14.88,14.9,306896,4572136.44
2026-04-28 10:05:00,2026-04-28,20260428100500000,002987,5,14.89,14.9,14.84,14.85,570644,8477027.16
2026-04-28 10:10:00,2026-04-28,20260428101000000,002987,5,14.85,14.96,14.85,14.94,615926,9186891.84
2026-04-28 10:15:00,2026-04-28,20260428101500000,002987,5,14.95,14.95,14.88,14.89,220100,3282123.0
2026-04-28 10:20:00,2026-04-28,20260428102000000,002987,5,14.89,14.9,14.86,14.87,269560,4011889.6
2026-04-28 10:25:00,2026-04-28,20260428102500000,002987,5,14.87,14.88,14.83,14.84,441940,6563070.4
2026-04-28 10:30:00,2026-04-28,20260428103000000,002987,5,14.84,14.85,14.8,14.81,902743,13377189.4
2026-04-28 10:35:00,2026-04-28,20260428103500000,002987,5,14.81,14.82,14.81,14.81,213600,3164442.0
2026-04-28 10:40:00,2026-04-28,20260428104000000,002987,5,14.81,14.83,14.8,14.81,231960,3436290.6
2026-04-28 10:45:00,2026-04-28,20260428104500000,002987,5,14.81,14.86,14.8,14.85,253818,3763221.94
2026-04-28 10:50:00,2026-04-28,20260428105000000,002987,5,14.85,14.85,14.81,14.82,168260,2494882.6
2026-04-28 10:55:00,2026-04-28,20260428105500000,002987,5,14.82,14.84,14.81,14.83,214138,3173315.16
2026-04-28 11:00:00,2026-04-28,20260428110000000,002987,5,14.83,14.85,14.82,14.85,112260,1665260.2
2026-04-28 11:05:00,2026-04-28,20260428110500000,002987,5,14.85,14.87,14.84,14.87,114396,1699243.56
2026-04-28 11:10:00,2026-04-28,20260428111000000,002987,5,14.87,14.91,14.86,14.86,148740,2214719.2
2026-04-28 11:15:00,2026-04-28,20260428111500000,002987,5,14.87,14.88,14.84,14.84,137000,2034862.0
2026-04-28 11:20:00,2026-04-28,20260428112000000,002987,5,14.84,14.91,14.83,14.91,160800,2389160.0
2026-04-28 11:25:00,2026-04-28,20260428112500000,002987,5,14.91,14.91,14.85,14.86,233540,3476101.6
2026-04-28 11:30:00,2026-04-28,20260428113000000,002987,5,14.85,14.88,14.84,14.84,315117,4680679.45
2026-04-28 13:05:00,2026-04-28,20260428130500000,002987,5,14.84,14.85,14.8,14.81,309040,4581071.8
2026-04-28 13:10:00,2026-04-28,20260428131000000,002987,5,14.81,14.82,14.8,14.81,350700,5191205.0
2026-04-28 13:15:00,2026-04-28,20260428131500000,002987,5,14.81,14.82,14.79,14.8,188857,2795493.6
2026-04-28 13:20:00,2026-04-28,20260428132000000,002987,5,14.79,14.79,14.71,14.72,532800,7858724.0
2026-04-28 13:25:00,2026-04-28,20260428132500000,002987,5,14.72,14.73,14.7,14.72,333203,4902711.33
2026-04-28 13:30:00,2026-04-28,20260428133000000,002987,5,14.72,14.73,14.7,14.72,265197,3902104.46
2026-04-28 13:35:00,2026-04-28,20260428133500000,002987,5,14.72,14.72,14.63,14.67,755800,11088707.0
2026-04-28 13:40:00,2026-04-28,20260428134000000,002987,5,14.67,14.69,14.65,14.69,386640,5670347.0
2026-04-28 13:45:00,2026-04-28,20260428134500000,002987,5,14.69,14.7,14.67,14.68,255300,3749236.0
2026-04-28 13:50:00,2026-04-28,20260428135000000,002987,5,14.68,14.68,14.66,14.66,142640,2092500.4
2026-04-28 13:55:00,2026-04-28,20260428135500000,002987,5,14.66,14.68,14.63,14.68,315400,4620939.0
2026-04-28 14:00:00,2026-04-28,20260428140000000,002987,5,14.68,14.72,14.66,14.71,244442,3591085.69
2026-04-28 14:05:00,2026-04-28,20260428140500000,002987,5,14.71,14.71,14.67,14.68,115542,1697354.82
2026-04-28 14:10:00,2026-04-28,20260428141000000,002987,5,14.68,14.74,14.67,14.73,213896,3145771.92
2026-04-28 14:15:00,2026-04-28,20260428141500000,002987,5,14.73,14.75,14.72,14.75,106440,1568649.6
2026-04-28 14:20:00,2026-04-28,20260428142000000,002987,5,14.75,14.76,14.71,14.72,169000,2490512.0
2026-04-28 14:25:00,2026-04-28,20260428142500000,002987,5,14.71,14.73,14.7,14.71,154951,2279929.7
2026-04-28 14:30:00,2026-04-28,20260428143000000,002987,5,14.71,14.71,14.68,14.68,126921,1864919.16
2026-04-28 14:35:00,2026-04-28,20260428143500000,002987,5,14.69,14.69,14.65,14.66,181028,2655005.04
2026-04-28 14:40:00,2026-04-28,20260428144000000,002987,5,14.66,14.71,14.66,14.7,198419,2914317.1
2026-04-28 14:45:00,2026-04-28,20260428144500000,002987,5,14.7,14.74,14.68,14.73,228740,3363347.4
2026-04-28 14:50:00,2026-04-28,20260428145000000,002987,5,14.73,14.81,14.73,14.8,414372,6121465.0
2026-04-28 14:55:00,2026-04-28,20260428145500000,002987,5,14.82,14.86,14.81,14.85,372406,5524681.04
2026-04-28 15:00:00,2026-04-28,20260428150000000,002987,5,14.85,14.87,14.84,14.84,328797,4881341.51
2026-04-29 09:35:00,2026-04-29,20260429093500000,002987,5,14.87,14.98,14.87,14.97,935539,13974751.93
2026-04-29 09:40:00,2026-04-29,20260429094000000,002987,5,14.97,14.99,14.95,14.96,468500,7014874.6
2026-04-29 09:45:00,2026-04-29,20260429094500000,002987,5,14.95,14.98,14.95,14.96,296500,4437947.0
2026-04-29 09:50:00,2026-04-29,20260429095000000,002987,5,14.97,14.97,14.93,14.93,256600,3837292.0
2026-04-29 09:55:00,2026-04-29,20260429095500000,002987,5,14.94,14.95,14.91,14.92,126100,1883120.0
2026-04-29 10:00:00,2026-04-29,20260429100000000,002987,5,14.92,14.92,14.87,14.87,351600,5237877.0
2026-04-29 10:05:00,2026-04-29,20260429100500000,002987,5,14.87,14.93,14.84,14.93,423700,6301425.0
2026-04-29 10:10:00,2026-04-29,20260429101000000,002987,5,14.93,14.97,14.92,14.96,257000,3840048.0
2026-04-29 10:15:00,2026-04-29,20260429101500000,002987,5,14.96,14.97,14.94,14.96,145500,2175610.0
2026-04-29 10:20:00,2026-04-29,20260429102000000,002987,5,14.96,14.97,14.95,14.95,146800,2196247.0
2026-04-29 10:25:00,2026-04-29,20260429102500000,002987,5,14.95,15.02,14.94,15.01,520123,7791523.91
2026-04-29 10:30:00,2026-04-29,20260429103000000,002987,5,15.03,15.05,15.01,15.02,174200,2618186.0
2026-04-29 10:35:00,2026-04-29,20260429103500000,002987,5,15.03,15.04,15.02,15.03,94500,1420228.0
2026-04-29 10:40:00,2026-04-29,20260429104000000,002987,5,15.03,15.03,15.0,15.01,85900,1289537.0
2026-04-29 10:45:00,2026-04-29,20260429104500000,002987,5,15.01,15.03,15.01,15.01,82713,1242187.13
2026-04-29 10:50:00,2026-04-29,20260429105000000,002987,5,15.01,15.02,15.0,15.01,62627,939931.87
2026-04-29 10:55:00,2026-04-29,20260429105500000,002987,5,15.01,15.02,15.0,15.01,46200,693271.0
2026-04-29 11:00:00,2026-04-29,20260429110000000,002987,5,15.0,15.0,14.97,14.97,148860,2231022.0
2026-04-29 11:05:00,2026-04-29,20260429110500000,002987,5,14.97,14.98,14.97,14.98,56300,842944.0
2026-04-29 11:10:00,2026-04-29,20260429111000000,002987,5,14.98,15.01,14.97,15.01,47040,704918.0
2026-04-29 11:15:00,2026-04-29,20260429111500000,002987,5,15.01,15.03,15.0,15.02,168000,2522499.0
2026-04-29 11:20:00,2026-04-29,20260429112000000,002987,5,15.03,15.04,15.02,15.02,89300,1342371.0
2026-04-29 11:25:00,2026-04-29,20260429112500000,002987,5,15.03,15.04,15.01,15.02,76600,1150959.0
2026-04-29 11:30:00,2026-04-29,20260429113000000,002987,5,15.01,15.02,15.0,15.02,37150,557743.5
2026-04-29 13:05:00,2026-04-29,20260429130500000,002987,5,15.01,15.02,15.0,15.01,110800,1662905.0
2026-04-29 13:10:00,2026-04-29,20260429131000000,002987,5,15.01,15.01,14.99,15.01,96800,1452061.0
2026-04-29 13:15:00,2026-04-29,20260429131500000,002987,5,15.01,15.02,14.99,14.99,71700,1075980.0
2026-04-29 13:20:00,2026-04-29,20260429132000000,002987,5,14.99,15.01,14.98,14.99,73500,1102069.0
2026-04-29 13:25:00,2026-04-29,20260429132500000,002987,5,14.99,14.99,14.98,14.99,106400,1594235.0
2026-04-29 13:30:00,2026-04-29,20260429133000000,002987,5,14.99,15.01,14.98,15.01,87800,1316338.0
2026-04-29 13:35:00,2026-04-29,20260429133500000,002987,5,15.01,15.01,14.99,15.01,66000,989886.0
2026-04-29 13:40:00,2026-04-29,20260429134000000,002987,5,15.0,15.0,14.98,15.0,79100,1185849.0
2026-04-29 13:45:00,2026-04-29,20260429134500000,002987,5,14.99,15.01,14.98,15.01,89484,1341870.16
2026-04-29 13:50:00,2026-04-29,20260429135000000,002987,5,15.01,15.02,15.0,15.02,96205,1443783.0
2026-04-29 13:55:00,2026-04-29,20260429135500000,002987,5,15.02,15.04,15.01,15.02,180700,2714736.0
2026-04-29 14:00:00,2026-04-29,20260429140000000,002987,5,15.02,15.03,15.01,15.02,89600,1345989.0
2026-04-29 14:05:00,2026-04-29,20260429140500000,002987,5,15.03,15.04,15.02,15.03,86580,1301447.4
2026-04-29 14:10:00,2026-04-29,20260429141000000,002987,5,15.03,15.04,15.02,15.02,66900,1005508.0
2026-04-29 14:15:00,2026-04-29,20260429141500000,002987,5,15.02,15.03,15.01,15.03,145760,2189547.2
2026-04-29 14:20:00,2026-04-29,20260429142000000,002987,5,15.03,15.04,15.02,15.03,117500,1765746.0
2026-04-29 14:25:00,2026-04-29,20260429142500000,002987,5,15.03,15.05,15.02,15.05,203800,3064290.0
2026-04-29 14:30:00,2026-04-29,20260429143000000,002987,5,15.04,15.05,15.03,15.04,117900,1773434.0
2026-04-29 14:35:00,2026-04-29,20260429143500000,002987,5,15.04,15.05,15.02,15.03,117300,1763111.0
2026-04-29 14:40:00,2026-04-29,20260429144000000,002987,5,15.03,15.04,15.01,15.03,76460,1148575.8
2026-04-29 14:45:00,2026-04-29,20260429144500000,002987,5,15.03,15.03,15.02,15.02,107300,1612059.0
2026-04-29 14:50:00,2026-04-29,20260429145000000,002987,5,15.03,15.03,15.01,15.01,162200,2436514.0
2026-04-29 14:55:00,2026-04-29,20260429145500000,002987,5,15.01,15.02,15.0,15.01,235800,3539731.0
2026-04-29 15:00:00,2026-04-29,20260429150000000,002987,5,15.01,15.02,15.0,15.01,234800,3524004.0
2026-04-30 09:35:00,2026-04-30,20260430093500000,002987,5,14.97,15.12,14.97,15.05,558100,8408993.0
2026-04-30 09:40:00,2026-04-30,20260430094000000,002987,5,15.05,15.06,14.97,15.03,457900,6872299.0
2026-04-30 09:45:00,2026-04-30,20260430094500000,002987,5,15.02,15.05,15.0,15.03,245392,3687026.92
2026-04-30 09:50:00,2026-04-30,20260430095000000,002987,5,15.01,15.07,15.01,15.05,311380,4684229.8
2026-04-30 09:55:00,2026-04-30,20260430095500000,002987,5,15.04,15.05,14.98,15.0,205620,3085815.2
2026-04-30 10:00:00,2026-04-30,20260430100000000,002987,5,14.99,15.01,14.98,14.98,178600,2677244.0
2026-04-30 10:05:00,2026-04-30,20260430100500000,002987,5,14.98,15.0,14.91,14.93,813900,12178144.0
2026-04-30 10:10:00,2026-04-30,20260430101000000,002987,5,14.93,14.98,14.93,14.96,107200,1602193.0
2026-04-30 10:15:00,2026-04-30,20260430101500000,002987,5,14.96,14.97,14.95,14.96,93800,1403052.0
2026-04-30 10:20:00,2026-04-30,20260430102000000,002987,5,14.96,14.99,14.94,14.94,132900,1988439.0
2026-04-30 10:25:00,2026-04-30,20260430102500000,002987,5,14.94,14.96,14.93,14.96,107872,1611884.68
2026-04-30 10:30:00,2026-04-30,20260430103000000,002987,5,14.95,15.03,14.95,14.99,94400,1415861.0
2026-04-30 10:35:00,2026-04-30,20260430103500000,002987,5,14.99,15.0,14.98,14.98,66700,999745.0
2026-04-30 10:40:00,2026-04-30,20260430104000000,002987,5,14.98,15.01,14.98,15.0,146400,2194817.0
2026-04-30 10:45:00,2026-04-30,20260430104500000,002987,5,15.0,15.01,14.98,14.98,70700,1060250.0
2026-04-30 10:50:00,2026-04-30,20260430105000000,002987,5,14.99,14.99,14.95,14.95,91100,1363216.0
2026-04-30 10:55:00,2026-04-30,20260430105500000,002987,5,14.96,14.96,14.94,14.94,80500,1203324.0
2026-04-30 11:00:00,2026-04-30,20260430110000000,002987,5,14.94,14.97,14.94,14.96,61632,921447.08
2026-04-30 11:05:00,2026-04-30,20260430110500000,002987,5,14.96,14.96,14.93,14.95,130400,1948326.0
2026-04-30 11:10:00,2026-04-30,20260430111000000,002987,5,14.95,14.96,14.94,14.95,33000,493374.0
2026-04-30 11:15:00,2026-04-30,20260430111500000,002987,5,14.95,14.98,14.95,14.97,85400,1277540.0
2026-04-30 11:20:00,2026-04-30,20260430112000000,002987,5,14.98,15.01,14.98,14.99,68900,1032741.0
2026-04-30 11:25:00,2026-04-30,20260430112500000,002987,5,14.98,14.99,14.96,14.99,49400,739934.0
2026-04-30 11:30:00,2026-04-30,20260430113000000,002987,5,14.99,14.99,14.96,14.97,54200,811259.0
2026-04-30 13:05:00,2026-04-30,20260430130500000,002987,5,14.97,14.97,14.86,14.87,547300,8160487.92
2026-04-30 13:10:00,2026-04-30,20260430131000000,002987,5,14.87,14.9,14.87,14.88,116200,1728740.0
2026-04-30 13:15:00,2026-04-30,20260430131500000,002987,5,14.87,14.89,14.87,14.89,69900,1040090.0
2026-04-30 13:20:00,2026-04-30,20260430132000000,002987,5,14.89,14.89,14.87,14.88,100300,1492098.0
2026-04-30 13:25:00,2026-04-30,20260430132500000,002987,5,14.89,14.89,14.86,14.88,116800,1737412.0
2026-04-30 13:30:00,2026-04-30,20260430133000000,002987,5,14.88,14.88,14.86,14.86,72200,1073206.0
2026-04-30 13:35:00,2026-04-30,20260430133500000,002987,5,14.86,14.88,14.86,14.88,65300,970752.0
2026-04-30 13:40:00,2026-04-30,20260430134000000,002987,5,14.87,14.9,14.87,14.9,248400,3696215.0
2026-04-30 13:45:00,2026-04-30,20260430134500000,002987,5,14.9,14.94,14.89,14.92,134600,2007776.54
2026-04-30 13:50:00,2026-04-30,20260430135000000,002987,5,14.92,14.92,14.9,14.91,55745,831285.4
2026-04-30 13:55:00,2026-04-30,20260430135500000,002987,5,14.91,14.94,14.91,14.94,69900,1042954.0
2026-04-30 14:00:00,2026-04-30,20260430140000000,002987,5,14.94,14.96,14.93,14.94,55900,835125.0
2026-04-30 14:05:00,2026-04-30,20260430140500000,002987,5,14.95,14.96,14.94,14.95,36900,551529.0
2026-04-30 14:10:00,2026-04-30,20260430141000000,002987,5,14.95,14.97,14.94,14.94,104900,1569022.0
2026-04-30 14:15:00,2026-04-30,20260430141500000,002987,5,14.94,14.96,14.94,14.95,44600,666709.0
2026-04-30 14:20:00,2026-04-30,20260430142000000,002987,5,14.94,14.96,14.94,14.94,46200,690580.0
2026-04-30 14:25:00,2026-04-30,20260430142500000,002987,5,14.95,14.96,14.93,14.95,66300,990720.0
2026-04-30 14:30:00,2026-04-30,20260430143000000,002987,5,14.95,14.95,14.94,14.94,70600,1055020.0
2026-04-30 14:35:00,2026-04-30,20260430143500000,002987,5,14.94,14.99,14.94,14.99,163700,2449792.0
2026-04-30 14:40:00,2026-04-30,20260430144000000,002987,5,14.99,15.01,14.98,14.99,131500,1972186.0
2026-04-30 14:45:00,2026-04-30,20260430144500000,002987,5,14.99,15.0,14.98,14.99,90200,1352346.0
2026-04-30 14:50:00,2026-04-30,20260430145000000,002987,5,14.99,15.0,14.98,14.99,169400,2539688.0
2026-04-30 14:55:00,2026-04-30,20260430145500000,002987,5,14.99,15.0,14.98,14.98,207300,3107732.0
2026-04-30 15:00:00,2026-04-30,20260430150000000,002987,5,14.98,14.99,14.98,14.98,149900,2245654.0
2026-05-06 09:35:00,2026-05-06,20260506093500000,002987,5,14.99,15.19,14.99,15.16,626340,9477164.0
2026-05-06 09:40:00,2026-05-06,20260506094000000,002987,5,15.16,15.21,15.13,15.21,606845,9208655.8
2026-05-06 09:45:00,2026-05-06,20260506094500000,002987,5,15.2,15.23,15.18,15.19,395560,6014081.0
2026-05-06 09:50:00,2026-05-06,20260506095000000,002987,5,15.19,15.23,15.17,15.22,294400,4474192.0
2026-05-06 09:55:00,2026-05-06,20260506095500000,002987,5,15.22,15.23,15.2,15.22,242200,3685185.0
2026-05-06 10:00:00,2026-05-06,20260506100000000,002987,5,15.22,15.24,15.19,15.24,311600,4741236.0
2026-05-06 10:05:00,2026-05-06,20260506100500000,002987,5,15.24,15.32,15.23,15.3,1311271,20030449.04
2026-05-06 10:10:00,2026-05-06,20260506101000000,002987,5,15.3,15.31,15.29,15.31,248400,3801323.0
2026-05-06 10:15:00,2026-05-06,20260506101500000,002987,5,15.31,15.32,15.28,15.32,210600,3222137.0
2026-05-06 10:20:00,2026-05-06,20260506102000000,002987,5,15.32,15.35,15.32,15.34,212700,3261055.0
2026-05-06 10:25:00,2026-05-06,20260506102500000,002987,5,15.34,15.34,15.32,15.34,215500,3304217.0
2026-05-06 10:30:00,2026-05-06,20260506103000000,002987,5,15.34,15.34,15.31,15.31,187900,2880394.0
2026-05-06 10:35:00,2026-05-06,20260506103500000,002987,5,15.32,15.34,15.3,15.31,131200,2009789.0
2026-05-06 10:40:00,2026-05-06,20260506104000000,002987,5,15.3,15.34,15.3,15.31,332300,5093881.0
2026-05-06 10:45:00,2026-05-06,20260506104500000,002987,5,15.31,15.31,15.29,15.31,106700,1632583.0
2026-05-06 10:50:00,2026-05-06,20260506105000000,002987,5,15.31,15.34,15.3,15.33,86360,1323298.0
2026-05-06 10:55:00,2026-05-06,20260506105500000,002987,5,15.33,15.33,15.28,15.3,492832,7548684.96
2026-05-06 11:00:00,2026-05-06,20260506110000000,002987,5,15.3,15.32,15.3,15.31,171000,2616930.0
2026-05-06 11:05:00,2026-05-06,20260506110500000,002987,5,15.31,15.32,15.3,15.32,73800,1130182.0
2026-05-06 11:10:00,2026-05-06,20260506111000000,002987,5,15.32,15.34,15.32,15.34,113900,1746019.0
2026-05-06 11:15:00,2026-05-06,20260506111500000,002987,5,15.34,15.34,15.33,15.34,50800,779000.0
2026-05-06 11:20:00,2026-05-06,20260506112000000,002987,5,15.34,15.35,15.33,15.35,176400,2706063.0
2026-05-06 11:25:00,2026-05-06,20260506112500000,002987,5,15.35,15.35,15.33,15.35,64100,983642.0
2026-05-06 11:30:00,2026-05-06,20260506113000000,002987,5,15.35,15.38,15.34,15.38,299236,4595089.64
2026-05-06 13:05:00,2026-05-06,20260506130500000,002987,5,15.38,15.38,15.32,15.34,190704,2927027.36
2026-05-06 13:10:00,2026-05-06,20260506131000000,002987,5,15.34,15.35,15.32,15.34,103496,1587138.64
2026-05-06 13:15:00,2026-05-06,20260506131500000,002987,5,15.34,15.35,15.33,15.34,69500,1066171.0
2026-05-06 13:20:00,2026-05-06,20260506132000000,002987,5,15.34,15.34,15.32,15.34,59600,913635.0
2026-05-06 13:25:00,2026-05-06,20260506132500000,002987,5,15.34,15.34,15.33,15.34,65300,1001176.0
2026-05-06 13:30:00,2026-05-06,20260506133000000,002987,5,15.34,15.34,15.31,15.32,63640,974852.4
2026-05-06 13:35:00,2026-05-06,20260506133500000,002987,5,15.32,15.32,15.3,15.31,130600,1998752.0
2026-05-06 13:40:00,2026-05-06,20260506134000000,002987,5,15.31,15.37,15.31,15.36,585900,8989186.0
2026-05-06 13:45:00,2026-05-06,20260506134500000,002987,5,15.36,15.36,15.32,15.33,100600,1543446.0
2026-05-06 13:50:00,2026-05-06,20260506135000000,002987,5,15.33,15.34,15.32,15.33,34300,525731.0
2026-05-06 13:55:00,2026-05-06,20260506135500000,002987,5,15.33,15.33,15.3,15.31,71900,1101328.0
2026-05-06 14:00:00,2026-05-06,20260506140000000,002987,5,15.3,15.32,15.29,15.31,171400,2623001.0
2026-05-06 14:05:00,2026-05-06,20260506140500000,002987,5,15.3,15.31,15.25,15.26,251968,3849518.04
2026-05-06 14:10:00,2026-05-06,20260506141000000,002987,5,15.26,15.27,15.21,15.21,214000,3260949.0
2026-05-06 14:15:00,2026-05-06,20260506141500000,002987,5,15.21,15.23,15.21,15.23,81540,1240643.8
2026-05-06 14:20:00,2026-05-06,20260506142000000,002987,5,15.22,15.24,15.22,15.23,76900,1171207.0
2026-05-06 14:25:00,2026-05-06,20260506142500000,002987,5,15.23,15.27,15.23,15.26,155600,2372609.4
2026-05-06 14:30:00,2026-05-06,20260506143000000,002987,5,15.26,15.27,15.24,15.27,85300,1301360.0
2026-05-06 14:35:00,2026-05-06,20260506143500000,002987,5,15.27,15.28,15.25,15.27,151200,2307693.0
2026-05-06 14:40:00,2026-05-06,20260506144000000,002987,5,15.27,15.29,15.26,15.27,129100,1972812.0
2026-05-06 14:45:00,2026-05-06,20260506144500000,002987,5,15.28,15.29,15.26,15.28,120200,1836083.0
2026-05-06 14:50:00,2026-05-06,20260506145000000,002987,5,15.27,15.27,15.24,15.26,268200,4092022.0
2026-05-06 14:55:00,2026-05-06,20260506145500000,002987,5,15.28,15.28,15.22,15.23,300700,4586279.6
2026-05-06 15:00:00,2026-05-06,20260506150000000,002987,5,15.23,15.25,15.22,15.25,224900,3428608.0
2026-05-07 09:35:00,2026-05-07,20260507093500000,002987,5,15.25,15.98,15.25,15.74,2703940,42673682.94
2026-05-07 09:40:00,2026-05-07,20260507094000000,002987,5,15.75,15.78,15.65,15.66,821200,12905374.0
2026-05-07 09:45:00,2026-05-07,20260507094500000,002987,5,15.67,15.67,15.58,15.58,444100,6937065.0
2026-05-07 09:50:00,2026-05-07,20260507095000000,002987,5,15.57,15.78,15.57,15.69,782980,12283943.6
2026-05-07 09:55:00,2026-05-07,20260507095500000,002987,5,15.69,15.75,15.66,15.74,324400,5094996.0
2026-05-07 10:00:00,2026-05-07,20260507100000000,002987,5,15.74,15.74,15.68,15.7,164040,2576936.2
2026-05-07 10:05:00,2026-05-07,20260507100500000,002987,5,15.7,15.71,15.65,15.65,139260,2182803.0
2026-05-07 10:10:00,2026-05-07,20260507101000000,002987,5,15.65,15.65,15.62,15.65,123160,1926113.4
2026-05-07 10:15:00,2026-05-07,20260507101500000,002987,5,15.65,15.68,15.64,15.64,162800,2549484.0
2026-05-07 10:20:00,2026-05-07,20260507102000000,002987,5,15.64,15.64,15.6,15.61,167240,2611729.6
2026-05-07 10:25:00,2026-05-07,20260507102500000,002987,5,15.6,15.61,15.58,15.59,178100,2777405.0
2026-05-07 10:30:00,2026-05-07,20260507103000000,002987,5,15.59,15.59,15.57,15.58,104100,1621884.0
2026-05-07 10:35:00,2026-05-07,20260507103500000,002987,5,15.57,15.6,15.57,15.6,111940,1744561.2
2026-05-07 10:40:00,2026-05-07,20260507104000000,002987,5,15.6,15.63,15.59,15.63,102000,1592245.0
2026-05-07 10:45:00,2026-05-07,20260507104500000,002987,5,15.63,15.63,15.6,15.6,52500,819874.0
2026-05-07 10:50:00,2026-05-07,20260507105000000,002987,5,15.61,15.65,15.6,15.65,70300,1098638.0
2026-05-07 10:55:00,2026-05-07,20260507105500000,002987,5,15.65,15.68,15.63,15.68,151912,2378651.04
2026-05-07 11:00:00,2026-05-07,20260507110000000,002987,5,15.67,15.68,15.65,15.67,64400,1008735.0
2026-05-07 11:05:00,2026-05-07,20260507110500000,002987,5,15.67,15.67,15.64,15.66,36300,568232.0
2026-05-07 11:10:00,2026-05-07,20260507111000000,002987,5,15.66,15.7,15.66,15.68,173000,2713158.0
2026-05-07 11:15:00,2026-05-07,20260507111500000,002987,5,15.68,15.69,15.67,15.69,41700,653762.0
2026-05-07 11:20:00,2026-05-07,20260507112000000,002987,5,15.69,15.7,15.68,15.68,45300,710618.0
2026-05-07 11:25:00,2026-05-07,20260507112500000,002987,5,15.68,15.68,15.67,15.68,19900,311960.0
2026-05-07 11:30:00,2026-05-07,20260507113000000,002987,5,15.68,15.69,15.67,15.67,57000,893830.0
2026-05-07 13:05:00,2026-05-07,20260507130500000,002987,5,15.67,15.68,15.61,15.61,111700,1747766.0
2026-05-07 13:10:00,2026-05-07,20260507131000000,002987,5,15.61,15.62,15.6,15.61,45500,710213.0
2026-05-07 13:15:00,2026-05-07,20260507131500000,002987,5,15.61,15.62,15.6,15.61,40700,635241.0
2026-05-07 13:20:00,2026-05-07,20260507132000000,002987,5,15.61,15.61,15.59,15.59,110400,1722107.0
2026-05-07 13:25:00,2026-05-07,20260507132500000,002987,5,15.59,15.59,15.58,15.59,95544,1489157.52
2026-05-07 13:30:00,2026-05-07,20260507133000000,002987,5,15.59,15.6,15.58,15.6,47800,745125.0
2026-05-07 13:35:00,2026-05-07,20260507133500000,002987,5,15.6,15.62,15.59,15.61,79700,1243447.0
2026-05-07 13:40:00,2026-05-07,20260507134000000,002987,5,15.61,15.63,15.6,15.6,64900,1013664.0
2026-05-07 13:45:00,2026-05-07,20260507134500000,002987,5,15.6,15.61,15.59,15.61,50500,787890.0
2026-05-07 13:50:00,2026-05-07,20260507135000000,002987,5,15.6,15.67,15.6,15.67,67500,1056181.0
2026-05-07 13:55:00,2026-05-07,20260507135500000,002987,5,15.67,15.67,15.64,15.64,59500,931449.0
2026-05-07 14:00:00,2026-05-07,20260507140000000,002987,5,15.64,15.67,15.63,15.65,50900,796575.0
2026-05-07 14:05:00,2026-05-07,20260507140500000,002987,5,15.65,15.66,15.64,15.66,60600,948477.0
2026-05-07 14:10:00,2026-05-07,20260507141000000,002987,5,15.66,15.66,15.64,15.65,62700,981223.0
2026-05-07 14:15:00,2026-05-07,20260507141500000,002987,5,15.65,15.66,15.64,15.65,66500,1040540.0
2026-05-07 14:20:00,2026-05-07,20260507142000000,002987,5,15.64,15.65,15.63,15.63,60800,950535.0
2026-05-07 14:25:00,2026-05-07,20260507142500000,002987,5,15.64,15.64,15.62,15.63,53800,840860.0
2026-05-07 14:30:00,2026-05-07,20260507143000000,002987,5,15.63,15.64,15.62,15.64,51000,797183.0
2026-05-07 14:35:00,2026-05-07,20260507143500000,002987,5,15.64,15.66,15.62,15.65,131700,2060157.0
2026-05-07 14:40:00,2026-05-07,20260507144000000,002987,5,15.65,15.66,15.64,15.65,90240,1412383.0
2026-05-07 14:45:00,2026-05-07,20260507144500000,002987,5,15.65,15.65,15.63,15.63,121860,1905913.0
2026-05-07 14:50:00,2026-05-07,20260507145000000,002987,5,15.63,15.65,15.63,15.64,196940,3079930.2
2026-05-07 14:55:00,2026-05-07,20260507145500000,002987,5,15.64,15.65,15.63,15.63,235920,3689371.2
2026-05-07 15:00:00,2026-05-07,20260507150000000,002987,5,15.63,15.64,15.63,15.63,266240,4161654.2
2026-05-08 09:35:00,2026-05-08,20260508093500000,002987,5,15.58,15.62,15.54,15.58,607800,9462643.0
2026-05-08 09:40:00,2026-05-08,20260508094000000,002987,5,15.59,15.66,15.57,15.66,359550,5612149.0
2026-05-08 09:45:00,2026-05-08,20260508094500000,002987,5,15.66,15.77,15.65,15.77,598400,9396036.0
2026-05-08 09:50:00,2026-05-08,20260508095000000,002987,5,15.77,15.77,15.73,15.75,280700,4420914.0
2026-05-08 09:55:00,2026-05-08,20260508095500000,002987,5,15.75,15.75,15.67,15.67,285400,4481023.0
2026-05-08 10:00:00,2026-05-08,20260508100000000,002987,5,15.67,15.83,15.66,15.82,623704,9831349.14
2026-05-08 10:05:00,2026-05-08,20260508100500000,002987,5,15.81,15.86,15.8,15.8,508200,8044788.0
2026-05-08 10:10:00,2026-05-08,20260508101000000,002987,5,15.8,15.81,15.78,15.79,287000,4534099.0
2026-05-08 10:15:00,2026-05-08,20260508101500000,002987,5,15.8,15.84,15.77,15.78,161000,2543685.0
2026-05-08 10:20:00,2026-05-08,20260508102000000,002987,5,15.78,15.8,15.75,15.79,158799,2505177.23
2026-05-08 10:25:00,2026-05-08,20260508102500000,002987,5,15.79,15.79,15.73,15.73,138805,2187271.75
2026-05-08 10:30:00,2026-05-08,20260508103000000,002987,5,15.72,15.73,15.71,15.73,323800,5089272.0
2026-05-08 10:35:00,2026-05-08,20260508103500000,002987,5,15.73,15.76,15.73,15.76,152100,2394535.0
2026-05-08 10:40:00,2026-05-08,20260508104000000,002987,5,15.76,15.76,15.73,15.73,104600,1647136.0
2026-05-08 10:45:00,2026-05-08,20260508104500000,002987,5,15.73,15.76,15.72,15.75,122400,1926802.0
2026-05-08 10:50:00,2026-05-08,20260508105000000,002987,5,15.73,15.74,15.72,15.74,97000,1525359.0
2026-05-08 10:55:00,2026-05-08,20260508105500000,002987,5,15.74,15.75,15.72,15.73,68200,1072777.0
2026-05-08 11:00:00,2026-05-08,20260508110000000,002987,5,15.73,15.73,15.71,15.71,57095,897310.4
2026-05-08 11:05:00,2026-05-08,20260508110500000,002987,5,15.71,15.72,15.64,15.67,477900,7490122.0
2026-05-08 11:10:00,2026-05-08,20260508111000000,002987,5,15.67,15.71,15.67,15.7,77946,1222646.06
2026-05-08 11:15:00,2026-05-08,20260508111500000,002987,5,15.7,15.72,15.7,15.7,40100,629839.0
2026-05-08 11:20:00,2026-05-08,20260508112000000,002987,5,15.7,15.72,15.68,15.7,101700,1596973.0
2026-05-08 11:25:00,2026-05-08,20260508112500000,002987,5,15.7,15.71,15.69,15.7,63978,1004308.82
2026-05-08 11:30:00,2026-05-08,20260508113000000,002987,5,15.7,15.71,15.68,15.71,152300,2389949.0
2026-05-08 13:05:00,2026-05-08,20260508130500000,002987,5,15.71,15.78,15.71,15.78,211500,3331893.0
2026-05-08 13:10:00,2026-05-08,20260508131000000,002987,5,15.78,15.8,15.77,15.77,140900,2223632.0
2026-05-08 13:15:00,2026-05-08,20260508131500000,002987,5,15.77,15.84,15.77,15.82,297500,4703566.0
2026-05-08 13:20:00,2026-05-08,20260508132000000,002987,5,15.82,15.83,15.8,15.82,92200,1458105.0
2026-05-08 13:25:00,2026-05-08,20260508132500000,002987,5,15.82,15.83,15.81,15.81,102500,1621470.0
2026-05-08 13:30:00,2026-05-08,20260508133000000,002987,5,15.81,15.83,15.81,15.82,101500,1605789.0
2026-05-08 13:35:00,2026-05-08,20260508133500000,002987,5,15.82,15.84,15.82,15.82,94500,1495637.0
2026-05-08 13:40:00,2026-05-08,20260508134000000,002987,5,15.83,15.83,15.8,15.82,227500,3598266.0
2026-05-08 13:45:00,2026-05-08,20260508134500000,002987,5,15.82,15.83,15.81,15.82,103809,1641462.38
2026-05-08 13:50:00,2026-05-08,20260508135000000,002987,5,15.82,15.83,15.81,15.82,134091,2121448.53
2026-05-08 13:55:00,2026-05-08,20260508135500000,002987,5,15.83,15.86,15.82,15.86,359483,5693159.15
2026-05-08 14:00:00,2026-05-08,20260508140000000,002987,5,15.86,15.86,15.82,15.85,138900,2200898.17
2026-05-08 14:05:00,2026-05-08,20260508140500000,002987,5,15.85,15.86,15.82,15.83,165400,2620290.0
2026-05-08 14:10:00,2026-05-08,20260508141000000,002987,5,15.83,15.85,15.81,15.81,157600,2494445.0
2026-05-08 14:15:00,2026-05-08,20260508141500000,002987,5,15.82,15.83,15.81,15.81,69500,1099401.0
2026-05-08 14:20:00,2026-05-08,20260508142000000,002987,5,15.81,15.84,15.81,15.83,98800,1563916.0
2026-05-08 14:25:00,2026-05-08,20260508142500000,002987,5,15.83,15.84,15.82,15.82,45300,716851.0
2026-05-08 14:30:00,2026-05-08,20260508143000000,002987,5,15.82,15.83,15.8,15.81,93300,1475442.0
2026-05-08 14:35:00,2026-05-08,20260508143500000,002987,5,15.81,15.83,15.81,15.81,148900,2356014.0
2026-05-08 14:40:00,2026-05-08,20260508144000000,002987,5,15.82,15.82,15.79,15.79,166800,2636316.0
2026-05-08 14:45:00,2026-05-08,20260508144500000,002987,5,15.79,15.81,15.79,15.8,163000,2574887.0
2026-05-08 14:50:00,2026-05-08,20260508145000000,002987,5,15.8,15.8,15.78,15.79,224300,3542040.0
2026-05-08 14:55:00,2026-05-08,20260508145500000,002987,5,15.79,15.81,15.79,15.79,317646,5017919.34
2026-05-08 15:00:00,2026-05-08,20260508150000000,002987,5,15.79,15.81,15.79,15.79,331240,5231265.6
